# Cluster list (12 data points):
# "Cluster Identifier" "Cluster Size" "Radius of Gyration" "Gyration Tensor.XX" "Gyration Tensor.YY" "Gyration Tensor.ZZ" "Gyration Tensor.XY" "Gyration Tensor.XZ" "Gyration Tensor.YZ"
1 706 11.1155425481 43.9743308569 46.2182760338 33.3626792477 -3.759348858 1.7351323488 -3.5976162516 
2 690 11.663835816 43.0163817533 31.295187988 61.7334962004 -2.1997445486 -20.5350564941 3.0826012088 
3 610 10.5677752921 39.3651132497 33.047246263 39.2655151114 -0.9205531183 1.3617209804 -0.0281553755 
4 585 11.6763226201 30.7158341502 77.6907651364 27.929910643 18.7735812341 -0.7587150327 -2.8768938477 
5 534 10.079071692 31.5596025408 34.6602054433 35.3678781876 0.8564131458 -1.5030428899 2.0153449944 
6 401 9.2076571596 29.1546849661 27.3183198626 28.3079455406 -0.7115811405 1.8956134205 1.4384136502 
7 359 8.8607140593 24.5309469679 28.9662741258 25.0150325464 0.8006065854 -1.3137564012 -1.4038382594 
8 359 8.8907190894 27.3416352261 23.8744011873 27.8288495133 0.4912602925 0.217461174 0.9889028707 
9 307 8.4454605493 21.9358298575 23.5215135086 25.8684605241 2.2275246675 3.0499492489 2.341119307 
10 234 7.7523598035 21.719791552 19.0691885652 19.3101024054 1.3087660102 -2.1817047618 -1.3877552702 
11 124 6.4165265462 12.7200558847 15.5910298291 12.8607272038 -0.5244188106 2.3361076369 0.5722669839 
12 91 5.8920649082 8.5112254898 14.9602404422 11.2449629503 -0.6859585101 -0.074441254 -0.1001561171 
