# Cluster list (15 data points):
# "Cluster Identifier" "Cluster Size" "Radius of Gyration" "Gyration Tensor.XX" "Gyration Tensor.YY" "Gyration Tensor.ZZ" "Gyration Tensor.XY" "Gyration Tensor.XZ" "Gyration Tensor.YZ"
1 706 12.2909671038 58.2909336524 62.07757182 30.699366875 -33.239231324 -5.7775823718 5.2475692399 
2 609 10.6734424804 39.4696518479 40.3697070204 34.0830155135 4.7379836528 3.7394572943 4.260980472 
3 535 10.2275586129 34.6985682317 35.3999157439 34.5044712049 5.7432569192 -7.0477943207 -3.5928834702 
4 505 9.9883361255 33.4723081933 32.7164451739 33.5781051896 3.1360484416 -0.4053128975 -0.3598738432 
5 427 9.6123097807 31.8984269801 30.1745956959 30.323476644 0.2028071967 -0.468595084 -0.9210161827 
6 401 9.2228496436 32.156643414 27.2347577193 25.6695544148 -0.3893915067 0.9818151325 -2.7169632123 
7 359 8.9134599234 28.1337449538 23.7309285153 27.5850943364 0.2229946009 3.6113596965 2.905581984 
8 358 8.8595728713 25.1964945184 27.7992022297 25.4963347141 2.2221628559 0.8737161173 -0.4666806401 
9 307 8.6053624629 22.8285020712 26.5825273159 24.64123373 -0.2999182255 0.4800821646 0.5255345071 
10 234 7.8755566528 20.1387602135 19.7993229481 22.08630943 -0.1890310989 -0.0219285266 -0.1101637501 
11 186 7.3552134576 20.6470756251 19.0844477199 14.3676416626 0.0978692873 0.6768254969 0.1044143861 
12 157 6.9365150659 16.0165347562 15.7877673383 16.3109391656 -1.1852689301 -0.407863126 -1.7990604126 
13 124 6.4280178759 12.0011429247 14.1430932432 15.1751776449 0.5337806779 0.7013991096 -0.2505668237 
14 91 5.7927869626 12.2125098722 10.8585439524 10.48532697 -0.3654117592 1.0642887673 -1.2032322212 
15 1 0.0 0.0 0.0 0.0 0.0 0.0 0.0 
