# Cluster list (10 data points):
# "Cluster Identifier" "Cluster Size" "Radius of Gyration" "Gyration Tensor.XX" "Gyration Tensor.YY" "Gyration Tensor.ZZ" "Gyration Tensor.XY" "Gyration Tensor.XZ" "Gyration Tensor.YZ"
1 1733 18.5190642531 208.7484916037 43.6002245325 90.6070246735 0.7594998252 35.8393867344 -13.9560128006 
2 704 11.1224439474 45.7543307775 44.7292319155 33.2251966711 -2.7103366917 -0.0068977374 2.5650024069 
3 585 10.4449755097 38.0271614499 36.4812567769 34.5890951706 4.3240925411 -1.2159721898 -2.2040962858 
4 534 10.204509484 37.1751734326 35.7959088725 31.1609315036 4.399035798 -2.3748076763 1.8209563453 
5 400 9.2428180594 27.6745242351 28.7063256958 29.0488357482 -0.1438319969 2.4177581156 -0.7943946072 
6 359 8.8911768849 24.4535995761 25.0730811743 29.5263456481 -0.5332691072 1.2904031993 -0.1958898629 
7 359 8.9084749445 25.9897860326 28.1853238771 25.1858159261 -1.4460947145 0.2288515643 0.5851346566 
8 234 7.7304023646 19.5536822338 17.7255551359 22.4798833486 -1.0242597998 -1.1602351949 0.8672753331 
9 91 5.7979132111 10.7461292403 10.1898533403 12.6798150223 0.3260196118 -1.8564909046 -0.0167223534 
10 1 0.0 0.0 0.0 0.0 0.0 0.0 0.0 
