# Cluster list (16 data points):
# "Cluster Identifier" "Cluster Size" "Radius of Gyration" "Gyration Tensor.XX" "Gyration Tensor.YY" "Gyration Tensor.ZZ" "Gyration Tensor.XY" "Gyration Tensor.XZ" "Gyration Tensor.YZ"
1 609 10.649131693 41.3588151844 37.1193132018 34.9258774296 5.0257386401 3.6988628011 6.038920072 
2 534 10.316182046 40.9617819145 28.9567499455 36.5050801466 4.5978166877 -10.2470630639 -1.7455216731 
3 505 10.0928740979 35.1797383924 33.9063904144 32.7799787499 -1.9407275188 -3.749104055 1.0733232776 
4 443 9.5944888793 29.7981310514 32.4690463961 29.7870394075 3.2349074465 -0.8636988883 1.9100271437 
5 427 9.6201986317 31.4855929561 33.2184235627 27.8442051941 -2.5426220289 -1.9983110599 3.5472031317 
6 401 9.4447660695 32.4286814103 28.9557648761 27.819159821 -0.2431164934 0.6219297502 -3.6277525386 
7 359 8.8962499662 26.595331136 25.0127690606 27.5351632642 -0.5974229948 0.0964765893 3.3877495665 
8 358 8.8682031694 26.2512639184 24.9465091918 27.4472543427 1.3104253662 -1.3351627339 -0.1047483138 
9 307 8.6256236102 24.3189366287 28.1666711842 21.9157748511 0.6960583107 -0.562548234 -0.7661088911 
10 263 8.0611410907 20.2482332522 24.1070909307 20.6266715009 1.5718936628 -0.5071645083 -1.5864013738 
11 235 7.9396301422 19.7298672453 20.8717435563 22.4361159928 -3.983520265 -1.1768348305 0.3580550133 
12 186 7.3460144776 19.0601736752 18.3140172879 16.5897377422 -0.6046373774 -0.9106094499 1.2619757789 
13 157 6.9755838103 15.2261586141 16.6532679666 16.7793429146 -2.5360172797 1.212177713 0.3302662815 
14 124 6.3327681964 13.1448154519 13.1867276395 13.7724099379 -0.6144367887 0.8013496969 -0.009595648 
15 91 5.8162930306 12.9503185883 10.2112190175 10.6677270121 1.5852098819 -0.0827051376 -0.8094449623 
16 1 0.0 0.0 0.0 0.0 0.0 0.0 0.0 
