# Cluster list (13 data points):
# "Cluster Identifier" "Cluster Size" "Radius of Gyration" "Gyration Tensor.XX" "Gyration Tensor.YY" "Gyration Tensor.ZZ" "Gyration Tensor.XY" "Gyration Tensor.XZ" "Gyration Tensor.YZ"
1 706 11.124521987 43.4925951879 45.6456976882 34.6166965639 -1.9003551015 2.0164359744 -4.4136587757 
2 690 11.481264668 46.965613223 32.4812482339 52.3725769202 -4.6121579477 -17.8768119323 6.9145366239 
3 609 10.5544521741 38.1443311367 35.0814838058 38.1706457531 0.3145967615 0.5954648796 2.382400188 
4 585 10.8072253369 28.7322454198 56.2167092222 31.8471648414 10.5788068989 -2.6193592032 -4.27865442 
5 534 10.1317282796 31.4490371767 36.2919948885 34.9108858662 2.7793180316 -0.3681404597 -1.7338870611 
6 401 9.2280178202 28.7693356301 29.378941974 27.0080352857 -1.5965076824 0.469375706 -0.3270813048 
7 359 8.85673209 24.2023593095 26.203663101 28.0356809031 -1.6093207652 0.2055461877 0.1273873775 
8 359 8.9481667007 28.3917472871 23.0053293319 28.6726106839 0.1334295946 -0.7676791137 -0.7336654315 
9 307 8.4395463103 22.5072627697 23.0284179964 25.6902611582 0.0711438109 2.1806019096 -0.4952799808 
10 234 7.7257006212 19.7878723853 20.3995325018 19.4990452012 1.1015696384 0.0433709275 -1.0902968374 
11 124 6.4372544422 14.0918887605 14.5210103502 12.8253456433 0.280924795 -0.2517419597 -1.609686132 
12 91 5.8141399673 10.3428483008 12.3420111336 11.1193641244 0.8455522492 -0.053316953 -0.0892955628 
13 1 0.0 0.0 0.0 0.0 0.0 0.0 0.0 
