# Cluster list (15 data points):
# "Cluster Identifier" "Cluster Size" "Radius of Gyration" "Gyration Tensor.XX" "Gyration Tensor.YY" "Gyration Tensor.ZZ" "Gyration Tensor.XY" "Gyration Tensor.XZ" "Gyration Tensor.YZ"
1 706 11.1688975957 48.2244618571 42.947585736 33.5722259113 -7.8915550208 0.2465201576 -1.4456149997 
2 609 10.5370594867 40.8355753597 34.6314618415 35.5625854242 -2.2226560622 0.0702279672 -0.7598944142 
3 534 10.1700091446 34.4822572418 32.2492923975 36.6975363625 0.5638205096 -2.9032783827 -3.3113864573 
4 505 9.9101871996 32.309748295 33.9139524004 31.9881096359 0.4402401511 -1.3924297203 0.1634231152 
5 427 9.4564411047 28.9301744794 29.9530875537 30.541016333 -0.8834341086 -0.3131213343 -0.8807998288 
6 401 9.2383422007 27.6558306484 29.5989079255 28.092228043 -1.5999256465 0.317021177 -0.3039751361 
7 359 8.9150256612 24.0542397142 24.1842618651 31.2391809604 0.2376904102 -0.3738998476 -2.4996284657 
8 358 8.8818463599 27.0586104866 24.8863803425 26.9422039313 2.6546406853 0.0718865602 0.006948376 
9 307 8.4555263481 26.2942878366 23.6470392585 21.5545987286 -0.7847512171 2.420319458 -0.4023639313 
10 235 7.8990297505 18.8266082266 21.8624161919 21.7056465807 -1.4133611575 -0.9795686711 -1.1386979709 
11 186 7.3594044103 18.8123328222 17.2638893977 18.0846110549 -0.7728763677 1.760589178 -2.0000838514 
12 157 6.9937793189 17.5379273091 17.2098251993 14.1651966532 -2.0133711432 0.7149312425 -2.3502648328 
13 124 6.484060205 12.9535233494 12.9333952098 16.156118183 1.9569661206 1.0473930128 0.4758228185 
14 91 5.8084663344 13.6544112679 10.8513324056 9.2325374847 -1.8747053855 -0.247057826 0.433500546 
15 1 0.0 0.0 0.0 0.0 0.0 0.0 0.0 
