# Cluster list (29 data points):
# "Cluster Identifier" "Cluster Size" "Radius of Gyration" "Gyration Tensor.XX" "Gyration Tensor.YY" "Gyration Tensor.ZZ" "Gyration Tensor.XY" "Gyration Tensor.XZ" "Gyration Tensor.YZ"
1 406 12.5152541171 20.4571236336 107.8598418458 28.3146201364 -0.4608008751 -0.5843389322 30.0565163003 
2 359 9.1299530318 29.8106136068 25.1795137301 28.3659150264 1.7723063181 7.6733797967 3.2788869765 
3 349 8.9942010183 31.8062389221 25.8362274673 23.2531855682 1.3429560237 0.4805774404 2.7538583808 
4 311 8.6169376547 23.7595957827 25.0824733662 25.4095453955 0.4218346932 -0.2208633597 0.8647727583 
5 309 8.6033620569 22.6206632617 26.4909736714 24.9062017485 1.5617076761 -1.0741155226 1.1863507278 
6 300 8.5654351981 25.2054464717 23.7642591497 24.3969745116 -1.7064121071 1.54691077 -1.0836483085 
7 263 8.1328044128 21.3639980428 22.9833775724 21.7951320024 -0.481909292 -1.750146126 -0.6406643944 
8 238 7.9239599428 21.4483026067 21.5927540068 19.7480845619 0.3377154252 1.8256722332 -0.7525773038 
9 231 7.8989919604 19.3639801849 20.617452584 22.4126412223 -1.917551873 -0.1555844289 -1.3190839138 
10 202 7.4991496589 17.5330236055 20.3471772031 18.3570447979 -1.5348269857 0.4542431053 -0.9095623481 
11 186 7.3642178648 18.2538930135 19.2490291899 16.7287825564 -0.9556637765 2.3303713698 0.5728291508 
12 163 7.032517416 17.7664702115 17.4370995984 14.2527313969 -1.6868398445 -2.2815436688 2.061523623 
13 157 6.9419033198 15.7533648177 14.6500021074 17.7866547757 0.0560513417 -0.3526256537 1.2960292891 
14 151 6.9747828739 16.8732383197 10.9945628551 20.7797949634 -0.7770676852 -2.6782644782 -1.2709990928 
15 144 6.7895788535 15.0890895654 14.2295375579 16.7797538853 -0.9161744542 -0.3903344896 -2.1236825572 
16 141 6.6408050524 13.8826195173 13.3154048923 16.9022673345 0.1573319246 1.3871303376 -0.9953912579 
17 127 6.4296426069 14.780752785 14.6528984924 11.9066527746 1.2836505635 0.9735355488 0.1381089531 
18 124 6.5483585783 14.8144647612 18.1922183277 9.8743169809 -2.7317886733 -0.4771381596 0.7758435908 
19 116 6.2606011196 13.7147418365 11.5524489179 13.9279356246 0.1481147505 1.3368331968 0.5100203179 
20 108 6.2378616004 10.5018785311 14.640794417 13.7682443979 -0.9859243922 0.5916373413 0.6137408101 
21 108 6.1563256389 15.1125943333 11.3942802639 11.3934707752 0.5956325363 -0.3456370406 -0.8693723867 
22 100 6.0715185903 10.7041571138 12.1650734939 13.9941073844 1.6516333034 -0.711978432 -0.3474361562 
23 93 5.78355649 11.4110455971 11.2703903999 10.7680896758 0.665472246 -0.0626646416 -0.4385487744 
24 91 5.8659251199 12.6470330105 12.6195250672 9.1425194341 -1.8970135696 -0.8830176376 -0.1321863907 
25 71 5.426670766 9.3487756897 11.4701645211 8.6298153915 0.0864173314 -1.3217972199 -0.6920357027 
26 63 5.191367207 8.3946071314 9.7871923675 8.7684939795 0.0746336398 1.0027835619 -0.606616009 
27 44 4.6334223761 5.8844205443 6.7096347341 8.8745476371 0.7881714153 1.0875163858 1.3852762911 
28 35 4.3448988477 7.8857219402 4.8212887338 6.1711353228 -1.6280285128 0.1113341423 0.6640456569 
29 10 2.7605292709 2.3350037478 2.908256704 2.3772614035 -0.577432642 0.1528527873 -0.6225316787 
