# Cluster list (14 data points):
# "Cluster Identifier" "Cluster Size" "Radius of Gyration" "Gyration Tensor.XX" "Gyration Tensor.YY" "Gyration Tensor.ZZ" "Gyration Tensor.XY" "Gyration Tensor.XZ" "Gyration Tensor.YZ"
1 706 11.2870647456 56.5366095985 37.4802236326 33.3809973413 -7.9888010166 -6.8177448479 1.6084030669 
2 609 10.5276927149 39.1899677817 36.3326650103 35.3096811078 -0.534372428 2.0287319085 -1.3689861343 
3 535 10.1796416139 33.1932138108 36.8358697954 33.5960197817 -2.6920726336 -1.358336384 -3.492539184 
4 505 9.904220138 32.6645687601 32.1436767879 33.2853309949 -1.7282580209 0.9727035364 0.149913345 
5 427 9.4119244138 28.2111371124 33.9608222716 26.4123617872 -2.007757671 -0.6098480912 -0.2005671092 
6 401 9.226997433 30.9752078933 25.6291073054 28.5331664301 0.3301130595 2.7280506992 -0.8389130776 
7 359 8.870069922 25.2170175461 24.0407897769 29.4203330988 0.5220933261 0.8873401066 0.1758153402 
8 358 8.8432833889 29.4276618157 24.9520729369 23.8239263435 -1.6707663341 1.8544660168 -0.4248155055 
9 307 8.4552527508 22.0876302063 26.7388936491 22.6647752251 0.7188184388 1.5606875196 -1.8694150095 
10 235 7.8631333259 19.958415283 21.0782106446 20.7922397736 2.4386260825 1.6460281332 0.7372904515 
11 186 7.3672147226 15.2833155652 17.963529335 21.0290078682 1.3310768479 1.181272376 -0.5538889386 
12 157 7.0086477993 15.8886521511 13.8216130555 19.4108787685 3.1908515649 1.2976131043 0.83070947 
13 124 6.5164680525 15.1681474866 13.818391147 13.4778172457 3.3468191759 0.5738274602 0.0162233053 
14 91 5.9467703077 12.1797424333 12.6251084828 10.5592261759 -0.5865287278 0.0238038301 2.5642934867 
