# Cluster list (15 data points):
# "Cluster Identifier" "Cluster Size" "Radius of Gyration" "Gyration Tensor.XX" "Gyration Tensor.YY" "Gyration Tensor.ZZ" "Gyration Tensor.XY" "Gyration Tensor.XZ" "Gyration Tensor.YZ"
1 706 11.1491919381 48.846347943 41.5667040507 33.8914288781 -6.5610051846 2.2093890351 -1.3860657769 
2 609 10.5938800813 42.813153763 33.4287270575 35.9884143566 -3.7132642683 1.5271801204 1.8775229935 
3 534 10.1283910124 32.6264872179 33.9614314571 35.9963858253 0.4097255397 -0.4521275155 -0.172780742 
4 504 9.9128345867 32.7212804118 34.3397850779 31.2032240528 0.6239933394 -1.1054532565 -0.7339660725 
5 427 9.4161932411 29.7101157494 30.689241371 28.2653380331 0.887283138 -1.0753126574 0.226704509 
6 401 9.2103725744 29.4327150604 27.3608231538 28.0374247457 -2.3303191681 1.7581648217 -1.4617320786 
7 359 8.9285122974 25.2258396444 26.3079577098 28.184534491 1.4416841223 1.7781043514 -0.532844333 
8 358 8.8675418605 25.7564308567 28.8664905142 24.0103772767 -2.2491070205 -0.1096946336 -0.6197283996 
9 307 8.4413247934 22.8882847168 22.9841760546 25.3835034956 -1.5154203692 2.6832539341 -0.9695640147 
10 235 7.8258513275 20.4925475255 20.2824192298 20.4689822447 1.1853327023 -1.2316429729 -0.4833258099 
11 186 7.3243869362 16.7108189901 18.9007117418 18.0351132591 -1.2887562649 1.2871381484 1.6744080614 
12 158 6.9662939921 13.7575282271 20.0715593105 14.7001644461 -0.2077218713 0.2064208151 1.2152785849 
13 124 6.4490198768 12.6294145304 16.0390689247 12.9213739162 1.4191902929 0.2824883293 -1.1524358209 
14 91 5.8858828518 12.5515387491 11.6577975802 10.4342806153 0.0609466362 -0.1197287916 -1.4953791011 
15 1 0.0 0.0 0.0 0.0 0.0 0.0 0.0 
