# Cluster list (14 data points):
# "Cluster Identifier" "Cluster Size" "Radius of Gyration" "Gyration Tensor.XX" "Gyration Tensor.YY" "Gyration Tensor.ZZ" "Gyration Tensor.XY" "Gyration Tensor.XZ" "Gyration Tensor.YZ"
1 706 11.1965464578 52.4651070044 39.2711034416 33.6264421348 -9.6931941061 -2.7595936315 -0.0836234239 
2 609 10.6162171714 37.5657201933 37.5252422754 37.6131045626 -1.9657777342 3.4504024943 -4.4334519885 
3 535 10.1611664291 31.18772772 35.8339310026 36.2276444773 0.7868280487 -3.4284868954 -2.4806085315 
4 505 9.8959868425 32.9404145469 31.9350369972 33.0551040424 -0.3556330812 0.4319501084 -0.3176389628 
5 427 9.3810410866 28.9696539664 29.438575964 29.5957019373 -2.0120360349 0.925561004 2.0494381241 
6 401 9.2041777209 29.7087625419 27.541328323 27.4667966536 -1.2652865362 2.8340967219 -1.1003336868 
7 359 8.8981484476 26.3601038242 26.0494796376 26.7674623334 1.3360304004 0.3895330052 0.0706989752 
8 358 8.8325139561 27.4650706132 24.5354882047 26.0127439663 -0.3685531771 1.5405066738 2.0977848625 
9 307 8.4483625859 23.87502568 22.8732574952 24.6265472078 -0.571201892 1.6272765157 -0.7390147552 
10 235 7.7979382627 18.4131703923 20.7452377953 21.6494329619 0.9823667826 -1.2259335587 -2.7537799726 
11 186 7.3553358371 17.7455366565 18.5289555432 17.8264730765 -2.0732023826 2.5343302155 -0.2197446944 
12 157 6.9651647201 15.7832824582 16.2750904182 16.4551467018 -1.0722622156 -0.3145754531 1.3042218185 
13 124 6.3779542562 13.7975655039 14.1368096297 12.743925361 0.450703412 -0.8200515073 -0.1910133719 
14 91 5.9693597668 13.6823576722 13.9416358947 8.0092624584 -1.2601907011 -1.5150672933 1.7317481158 
