# Cluster list (14 data points):
# "Cluster Identifier" "Cluster Size" "Radius of Gyration" "Gyration Tensor.XX" "Gyration Tensor.YY" "Gyration Tensor.ZZ" "Gyration Tensor.XY" "Gyration Tensor.XZ" "Gyration Tensor.YZ"
1 706 11.1248811975 44.7457592476 43.9849920003 35.0322304098 -7.0420561148 2.8777802091 -2.7238093633 
2 609 10.53674147 38.8871802734 36.7089590142 35.4267815181 -3.5780678821 1.4623597463 -0.336129297 
3 534 10.10532902 33.7419117567 33.1903671214 35.1853957238 -0.7654286754 -0.5101565249 -3.5511145867 
4 505 9.9020515028 33.673773385 32.5356649811 31.8411855987 1.6728937504 -1.7775489382 0.0283483029 
5 427 9.3862410686 28.6830928915 30.8069030357 28.611525471 -0.46063677 0.8303867303 -0.6703970904 
6 401 9.239867516 30.8975282175 27.7054349952 26.7721885009 -2.354606355 -1.0823112608 -0.2811459664 
7 359 8.918475615 25.9863154822 27.8217184583 25.7311733549 1.5015923829 -0.0804106794 -1.6913229382 
8 358 8.9081292701 25.218819426 29.9092047277 24.2267429397 0.170269913 0.252167383 1.8622538367 
9 307 8.4303118303 25.4691309007 22.157037366 23.44398929 -1.1178618813 2.3056635932 -0.3690604397 
10 235 7.9395327036 20.627685279 21.7297369558 20.6787573164 -1.1329776669 0.0895181682 -2.5470881535 
11 186 7.4114531002 14.8949284283 22.3666356372 17.6680729904 -0.8910262443 1.2148696862 -1.3160484672 
12 158 6.936268214 17.2984159851 16.9697854253 13.8436153263 0.4913649225 0.6841901098 0.1852128348 
13 124 6.4167777982 14.1189855547 14.1510273451 12.9050244117 -1.1930219368 0.6479002638 -0.0458485626 
14 91 5.8143732961 11.3619501947 10.1631836948 12.2818029365 1.0290205648 -1.0115862233 0.7979729851 
