# Cluster list (17 data points):
# "Cluster Identifier" "Cluster Size" "Radius of Gyration" "Gyration Tensor.XX" "Gyration Tensor.YY" "Gyration Tensor.ZZ" "Gyration Tensor.XY" "Gyration Tensor.XZ" "Gyration Tensor.YZ"
1 608 10.7263097372 42.4641074984 37.5764054977 35.0132075817 7.3744246993 4.7228970762 6.7854490597 
2 535 10.6774519934 55.6576232614 25.8639178197 32.4864399911 7.0911830683 -12.1441259445 -2.3301326753 
3 505 10.1357481103 36.2422086432 31.2097069359 35.2814741767 -2.2578705271 -6.0670163855 -0.9139886608 
4 443 9.5619522993 30.6621250774 32.3775976722 28.3912090242 0.0029398731 0.1689579991 3.0438404816 
5 401 9.4791356192 28.7386015678 27.7470200415 33.368390478 1.5198462194 3.4341920281 0.2576637784 
6 359 9.0072844759 31.3851318123 21.0474579183 28.6985838991 0.76663715 0.3582031496 3.0066112726 
7 358 8.9139245597 26.1630993049 26.0655176714 27.2294340805 1.9304611359 0.0797584212 -3.1240006259 
8 311 8.6607105884 24.6643600039 23.5823482348 26.7611996576 0.0431457886 -0.8168506498 0.147697397 
9 307 8.6269418206 24.5998835624 23.7000579397 26.1241836745 1.4126024371 -0.946007411 0.3253862297 
10 263 8.078649074 22.160737227 21.0602104014 22.0436232332 0.8859952297 -1.1143363936 0.0342112527 
11 235 7.9031330955 21.5912303723 20.8491186047 20.0191637477 -0.4730758292 1.9274631847 0.8070869999 
12 186 7.3377257162 16.4436056095 20.879094519 16.5195185572 -0.4044223227 -1.0090071504 -1.1840351976 
13 157 6.9942907577 17.5892390209 14.2630017059 17.067862476 0.7166923038 0.4753654684 0.9407752327 
14 124 6.3708318961 12.9172306317 13.7339068171 13.9363615992 -0.4558568612 0.621848925 0.8379323318 
15 116 6.3099677724 13.8814086062 11.7102413505 14.224043332 -0.7230927024 -0.6087198404 0.1026700114 
16 91 5.9574751377 15.8248816655 10.236026067 9.4306022839 -0.3154931022 3.1658683868 -0.4180944463 
17 1 0.0 0.0 0.0 0.0 0.0 0.0 0.0 
