# Cluster list (13 data points):
# "Cluster Identifier" "Cluster Size" "Radius of Gyration" "Gyration Tensor.XX" "Gyration Tensor.YY" "Gyration Tensor.ZZ" "Gyration Tensor.XY" "Gyration Tensor.XZ" "Gyration Tensor.YZ"
1 706 11.1315988613 43.6414403695 46.4289922258 33.8420606137 -2.7201741902 2.0632112159 -3.0542058343 
2 690 11.2839853641 45.9251830056 33.1270405321 48.2761021592 -2.9682193954 -14.4593909985 3.7810458509 
3 610 10.5645288215 38.3572179699 35.1201339296 38.1319173214 -0.5762014008 -1.1701967757 0.8849615361 
4 585 10.6577438006 30.2994922482 52.5319595478 30.7560511223 7.4931517979 -1.8192665635 -6.7471954599 
5 534 10.1323896721 33.5162839617 33.3560889721 35.7929475341 3.1834549315 -1.9290938113 -1.5682626756 
6 400 9.2223972158 31.3278002684 25.2140903498 28.5107197878 1.5618157699 0.3933829348 0.3649538469 
7 359 8.90064357 23.5122185885 29.0042469916 26.7049903803 1.3815480384 -0.3149801051 2.3387479165 
8 359 8.9357324991 28.2416018943 24.1803192627 27.4253941388 -0.3549134879 -1.320723717 2.459130229 
9 307 8.4409034648 23.3059693654 23.2854688389 24.6574130981 0.1192205341 3.4232735449 -1.006171 
10 234 7.7687111634 21.2531581897 19.7293861611 19.3703287894 0.9401265515 1.4595075359 -0.4635503924 
11 124 6.3551292398 12.7723227979 13.2200770276 14.3952678289 0.7165052738 0.2866003634 -2.0656435964 
12 91 5.8216932546 12.2380802282 10.0161921564 11.6378399657 0.7337053468 0.5445593612 1.0712903835 
13 1 0.0 0.0 0.0 0.0 0.0 0.0 0.0 
