# Cluster list (14 data points):
# "Cluster Identifier" "Cluster Size" "Radius of Gyration" "Gyration Tensor.XX" "Gyration Tensor.YY" "Gyration Tensor.ZZ" "Gyration Tensor.XY" "Gyration Tensor.XZ" "Gyration Tensor.YZ"
1 706 11.1751800877 53.2387295102 38.2497979971 33.3961224852 -6.1177544431 -0.3386854681 -1.1997995018 
2 609 10.570125691 39.7138562681 36.6896323147 35.3240685404 -1.6008297173 0.8251466924 -1.984536523 
3 534 10.1202169193 32.8746605179 32.495872268 37.0482577083 0.7029793585 -2.9497508871 -2.3842402382 
4 505 9.9338172566 32.9573647702 32.7459226649 32.9774378519 -1.1635873962 -1.0218222831 0.7951140522 
5 427 9.3976852289 29.9923840319 30.1726531195 28.1514505108 -0.2951723559 0.4688463422 0.2696295681 
6 401 9.26746156 29.6723276775 28.4958242621 27.7176918267 -1.1191747746 0.6302813541 -1.638568742 
7 359 8.9381551636 29.0647985673 23.3427286162 27.483090545 1.9914705126 -2.418415204 -0.8707933644 
8 358 8.8424020195 26.1053976155 26.1937480954 25.8889277643 1.7412350174 0.6835603823 1.4384775403 
9 308 8.4332219058 23.3651843573 24.4024084311 23.3516389241 -2.4578532453 1.4883301419 -0.4581263157 
10 235 7.8483153835 19.2829311915 18.7649946953 23.5481284726 0.7123266021 0.0873887056 -1.4526278671 
11 186 7.3503183444 20.2341674335 17.384298528 16.4087138023 0.0726707762 0.9353533463 -0.8457933424 
12 157 6.9572679284 15.2416812528 19.530273694 13.6316220815 -0.1019144849 -1.973823011 0.1179825869 
13 124 6.3780019936 13.6020994221 13.9896915246 13.0871184842 -0.6665848588 0.4091119222 -2.0068702484 
14 91 5.8314308107 14.1468848878 10.5526516222 9.3060487899 -0.4697824768 0.2254828081 0.9389686148 
