# Cluster list (11 data points):
# "Cluster Identifier" "Cluster Size" "Radius of Gyration" "Gyration Tensor.XX" "Gyration Tensor.YY" "Gyration Tensor.ZZ" "Gyration Tensor.XY" "Gyration Tensor.XZ" "Gyration Tensor.YZ"
1 814 11.7658169223 47.6144329634 44.991322111 45.8286927751 4.3603663937 -11.2593763023 2.8238108497 
2 706 11.1189392816 44.4449652799 44.5731552917 34.6126901757 -2.3236198242 4.7825310275 0.6647870537 
3 610 10.5406342799 37.7926662638 34.4853101823 38.8269945764 -1.1453444963 -0.4179206314 1.0084630896 
4 585 10.447579544 33.9714390846 37.5949542868 37.5855249562 0.9089505454 -2.7066698434 -4.4519295515 
5 534 10.1519321754 35.4381697693 32.0499388055 35.5736183194 2.2091200339 -3.1936708443 -0.1225602199 
6 400 9.2045696818 26.7220320522 29.9338653891 28.0682055852 3.9329547938e-04 0.9561953337 0.5510498352 
7 359 8.88361958 21.0383117481 31.0245417729 26.855843321 -1.8548279606 0.4843693943 -0.8887943727 
8 359 8.9404046525 25.3495629272 31.0915217513 23.4897506717 1.2907027438 0.8311913816 -2.3453966714 
9 308 8.4771833933 24.125536634 24.1358139348 23.6012877148 -1.589366032 2.0095918572 -1.2615945895 
10 234 7.7546894064 18.8147110111 22.0293927248 19.2911040539 0.7268794981 -1.6668348628 2.4146474265 
11 91 5.8043112358 9.4824605139 13.3989439437 10.8086244638 1.4243384351 -1.2371605981 -0.134449852 
