# Cluster list (14 data points):
# "Cluster Identifier" "Cluster Size" "Radius of Gyration" "Gyration Tensor.XX" "Gyration Tensor.YY" "Gyration Tensor.ZZ" "Gyration Tensor.XY" "Gyration Tensor.XZ" "Gyration Tensor.YZ"
1 706 11.5187009775 60.2254738444 41.3994290072 31.055569358 -15.1864764694 -6.3728437636 -0.3126138843 
2 609 10.6104105664 40.4785027967 35.2988023278 36.8035072632 3.9843147342 5.0795863794 2.6254790718 
3 535 10.263108165 31.9186647169 36.6030035006 36.8097209889 2.6972743271 -7.8973029667 -6.0289726882 
4 505 9.9549804176 31.4739226865 30.2037458134 37.4239666154 -0.8505756078 2.5754695309 -0.9952781364 
5 427 9.3987381632 27.8134303393 32.1973110942 28.3255376265 -0.8376818733 -0.4779075963 0.4310053221 
6 401 9.216111627 28.5443043758 28.3048260235 28.0875831222 -0.9259975978 1.513809348 -0.903043743 
7 359 8.8922050997 26.1581735274 24.1567245673 28.7564134404 0.5433767759 1.2988967327 0.0915973781 
8 358 8.8851237962 28.3485954948 24.7733486046 25.8234807739 0.3992108099 -2.5511544657 0.8677721127 
9 307 8.5566463742 26.9806388361 21.3062153437 24.9293429938 -0.4490099245 0.8853767287 2.8769821821 
10 235 7.9702430242 17.7407194685 22.8256235859 22.9584308102 1.0782745697 3.0153073262 0.6404216695 
11 186 7.3532746214 18.8691369717 19.5946164252 15.6068942607 -0.0248138522 -1.0156332916 -1.299659818 
12 157 7.0261255268 18.9124377844 16.3204972788 14.1335048551 -2.4278150438 1.2835118656 -0.4514722175 
13 124 6.3898928215 12.7014308533 13.632888198 14.496411219 -0.6516239481 -0.5078673873 1.8742717409 
14 91 5.7803572545 13.278658457 9.135565167 10.9983063657 -0.1760644039 -0.226023604 1.1653066151 
