# Cluster list (23 data points):
# "Cluster Identifier" "Cluster Size" "Radius of Gyration" "Gyration Tensor.XX" "Gyration Tensor.YY" "Gyration Tensor.ZZ" "Gyration Tensor.XY" "Gyration Tensor.XZ" "Gyration Tensor.YZ"
1 406 9.4034028381 24.8941259451 36.2306617388 27.299197252 0.8058333562 2.0309076759 1.9554354149 
2 402 9.4319847068 30.8770276546 28.1884453744 29.896862481 -1.1291698015 1.9630295935 -0.0779840545 
3 389 9.4578844168 26.8914769377 36.0424221381 26.5176785651 -5.3486797082 3.1251589326 -2.6084494591 
4 359 8.9015328808 28.5587901812 22.9852040845 27.6932933626 0.4202039335 0.8878635879 0.7687157024 
5 358 9.0075076842 27.0428104581 28.8106232699 25.2817609533 0.9630168298 0.95780925 -0.8788650589 
6 311 8.6552330062 26.4386440342 25.829685476 22.6447288819 -4.4745971651 -0.1790671021 -3.1011650554 
7 302 8.7091028966 20.6038355972 21.9897386947 33.2548989723 -1.7013397307 0.5782035208 -2.6421209706 
8 300 8.557749507 23.8436743038 23.7874110243 25.6039912961 -1.2892626855 -0.7321173639 0.0738155088 
9 263 8.0571806037 22.3490114986 22.1178669512 20.4512808314 1.0845124088 -0.1876006575 -0.3652319638 
10 243 8.0076370447 17.5283445553 24.6246071929 21.9692992918 0.051015866 1.2721285474 -1.4335786241 
11 201 7.4799550394 21.3923502528 17.2447907214 17.3125864177 1.3559649195 -0.263869085 -0.8952092095 
12 186 7.368927999 18.1480327142 19.4542760689 16.6987910711 -0.8558829087 2.401855697 0.1171016496 
13 157 6.9564728877 16.4503233604 16.1382285471 15.8039631296 0.3283145835 -2.6634038204 1.0158245852 
14 145 6.7711387974 16.2010191524 14.1521185163 15.4951829444 0.363867476 1.2258019653 -1.6070376564 
15 141 6.669342688 13.6951526407 14.5805182565 16.2044609921 -0.9485820312 1.4907860774 0.6226502691 
16 127 6.4641280012 14.336312121 15.4973959835 11.9512427118 2.5019245586 -1.1080251373 -0.8098888389 
17 124 6.4952340964 12.2950746652 15.8563023869 14.0366889153 1.0672876664 1.0303415165 1.1085634776 
18 116 6.2673775906 15.2780677164 12.2255538262 11.7764003204 0.5901189814 -0.4699539386 -0.0044171112 
19 108 6.1788052654 12.1366344542 11.1700235379 14.8709765157 1.0031714172 0.4695618042 -2.1023548375 
20 108 6.2007818803 11.8169211876 11.0456598449 15.5871148947 -0.7985846662 -0.5278234489 1.0661012356 
21 99 6.0284377737 11.8766091856 13.0623230702 11.4031297358 -0.9663423989 -0.5924036823 -0.4160340573 
22 91 5.8385818186 10.9587268084 11.2419691825 11.8883416612 0.564000253 0.3294084935 -1.669539525 
23 64 5.2193589443 8.0124401788 11.5701438794 7.6591237314 1.083470497 1.3116596524 0.849837819 
