# Cluster list (10 data points):
# "Cluster Identifier" "Cluster Size" "Radius of Gyration" "Gyration Tensor.XX" "Gyration Tensor.YY" "Gyration Tensor.ZZ" "Gyration Tensor.XY" "Gyration Tensor.XZ" "Gyration Tensor.YZ"
1 2438 21.2822335695 234.2887429527 137.9766580847 80.668064669 -119.9405604185 -22.3468856612 31.7210577994 
2 585 10.4635261889 38.2543620704 35.0685884057 36.1624298304 0.7929000925 -1.0951076131 -3.270937915 
3 534 10.121296025 35.6978324435 35.6158996552 31.126901127 2.1157772296 -0.5884973247 0.6315815977 
4 400 9.198413632 26.9236106631 28.9406868845 28.7465157985 -0.8371638165 1.3558912227 -0.1378025839 
5 359 8.9457318602 27.1208455915 25.3939175536 27.5113553688 -1.9526786241 0.0804097039 3.4291696127 
6 358 8.8883530667 26.4944952718 25.9012065786 26.607118388 -1.3773286562 3.0567776682 0.9230855578 
7 234 7.7422400166 19.4725687724 18.2269475557 22.2427641469 -1.5913477839 -3.0863199208 2.3465389126 
8 90 5.8740463955 11.1505166207 10.1592857184 13.1946187176 -0.822619077 0.1711081224 2.5344959093 
9 1 0.0 0.0 0.0 0.0 0.0 0.0 0.0 
10 1 0.0 0.0 0.0 0.0 0.0 0.0 0.0 
