# Cluster list (15 data points):
# "Cluster Identifier" "Cluster Size" "Radius of Gyration" "Gyration Tensor.XX" "Gyration Tensor.YY" "Gyration Tensor.ZZ" "Gyration Tensor.XY" "Gyration Tensor.XZ" "Gyration Tensor.YZ"
1 609 10.6613883945 39.6284476568 40.8605188758 33.1762359661 4.9248588079 3.104128279 5.0818065091 
2 535 10.3042839642 35.8982881952 32.922810117 37.3571697024 6.448601285 -9.2515795175 -4.9573936876 
3 505 9.996202748 31.3883325079 33.4613033098 35.0744335611 1.629467746 0.103347244 0.3163850079 
4 443 9.5733448957 26.4028675936 33.2230486249 32.0230162729 3.6164332084 -2.8109025174 1.1744398011 
5 427 9.6393425553 33.9242701715 30.5225934585 28.4700612688 2.6899540366 -1.4584208063 0.7144941778 
6 401 9.4922364945 26.6537515104 34.2223151257 29.2264870316 0.6567306355 2.6915777022 2.0562449754 
7 359 8.9167286117 25.8187970628 23.4876132037 30.2016388675 -1.3511561226 0.9463054186 3.2889181463 
8 358 8.892137972 27.6817601402 24.358171744 27.0301858284 0.8502847313 2.555740671 -1.4640935101 
9 307 8.6861000813 22.2976642412 26.8566900507 26.2939803311 4.5535559354 0.6989680731 1.6278388742 
10 263 8.0822092338 22.1081755242 22.6213243029 20.5926062723 -0.506614891 -1.3048428051 0.7010182391 
11 235 7.8740125021 23.3383389139 20.1461584527 18.5155755159 -0.8621484842 -0.1924833077 -0.0608628307 
12 186 7.3735187519 17.3479805522 16.0293218531 20.9914763794 -0.9022723831 3.7215300704 0.1490535533 
13 157 6.9115954138 15.5024782502 17.5408412398 14.7268316747 0.1062536884 0.3619899347 0.7916279457 
14 124 6.3807076563 14.4839975717 14.0844003168 12.1450323063 1.2692724289 -0.9260604409 0.474748133 
15 91 5.8115162386 10.1472654602 9.5098561652 14.1165993661 -0.5721018187 0.6303843663 2.015305216 
