# Cluster list (10 data points):
# "Cluster Identifier" "Cluster Size" "Radius of Gyration" "Gyration Tensor.XX" "Gyration Tensor.YY" "Gyration Tensor.ZZ" "Gyration Tensor.XY" "Gyration Tensor.XZ" "Gyration Tensor.YZ"
1 1426 15.3306841662 81.022259182 48.0003281469 106.007289676 -16.3681672347 40.4967064525 -19.4615957275 
2 705 11.1067412419 46.8564010767 40.84190627 35.6613936669 -1.3941614291 0.9332784383 2.4995354274 
3 585 10.4282318685 37.0157859521 37.2586674604 34.4735664899 3.7481501891 -1.0188652354 -3.6191109252 
4 534 10.1873862481 34.5911932672 36.4299519264 32.7616933753 4.5995244399 -1.2368774681 1.3373820221 
5 400 9.1678673408 27.5485116713 28.8378229345 27.6634569724 -0.9238813925 2.2280679345 0.2359580298 
6 359 8.9070184218 24.398655276 26.9768203517 27.9595015386 0.2873394896 1.2553031112 0.6518460562 
7 359 8.9350317702 26.0390087866 25.5140519471 28.2817320004 -0.3419644958 1.421129005 3.1764592023 
8 307 8.4570477507 23.9171520311 22.4888910361 25.1156135901 -0.5897485977 2.2613697319 0.4823101431 
9 234 7.7227921102 19.6507814922 19.5741607205 20.4165757654 -0.5143143285 -0.6012122534 -1.0732217868 
10 91 5.8142958365 12.8198885925 10.059229492 10.9269179897 2.3156563027 0.1665983841 0.0452309049 
