# Cluster list (39 data points):
# "Cluster Identifier" "Cluster Size" "Radius of Gyration" "Gyration Tensor.XX" "Gyration Tensor.YY" "Gyration Tensor.ZZ" "Gyration Tensor.XY" "Gyration Tensor.XZ" "Gyration Tensor.YZ"
1 348 13.2096023689 132.1374641734 25.5371223806 16.819008191 -29.7603812265 -10.9066464517 3.4876623412 
2 309 8.6202740856 22.6533100427 27.3305204259 24.3252948417 1.1766483967 -0.4369955769 1.6688999066 
3 300 8.568404551 22.7438414114 23.4383314881 27.2353836504 -1.6059862534 0.2274723492 -0.1343175716 
4 238 7.8870467041 24.5368942099 18.8401153732 18.8284961299 -1.2594104005 1.4219361798 -1.0195057562 
5 233 10.1244351596 42.9579829646 45.4103203748 14.1358839606 -28.9984946636 -3.2656408685 6.1100068878 
6 231 8.5758035364 24.9151274819 31.7348391095 16.8944397032 -11.3078314779 -3.6842158053 4.6153162666 
7 221 8.1919053088 24.8803410296 14.1721841645 28.0547873939 -0.2823581297 12.0510674373 0.0374340741 
8 186 7.3285694385 14.9541813029 17.4430100972 21.3107386149 1.5998470752 -0.5437273549 -1.2798142937 
9 157 6.9061631213 15.9478331151 14.7150490829 17.0322068603 -0.9986282725 2.2401391974 -0.7753268903 
10 151 6.8333089496 14.3896025949 16.2919486254 16.0125599802 -0.4770033241 -0.3717123775 1.5482497917 
11 147 6.7985839767 15.3856618046 16.5323870105 14.3026952726 -1.0673357081 1.2835864944 -0.4244348712 
12 145 6.8038272395 14.2732651513 19.5167839185 12.5020160352 0.5548743052 0.8950180261 -1.0930583607 
13 144 6.7733999787 13.6702175212 16.2233663635 15.9853633871 -0.3056908066 0.6861783809 0.496772413 
14 126 7.2726228682 15.1539068514 25.4104492271 12.3266873045 10.1540974119 4.3463888679 8.225783682 
15 124 6.4832394059 17.4330435574 10.3333309929 14.2660186436 -0.5116357607 -2.1730510771 -0.2204848598 
16 120 6.3202785536 12.846294527 13.3505010737 13.7491253942 0.7170446541 -0.100664298 1.0329294038 
17 118 6.3232950186 11.9848006437 16.39564208 11.6036171689 -1.4402154812 1.8147557124 -0.0717851279 
18 117 6.2992618394 11.1407658805 13.8079544733 14.7319793669 -0.9492145113 -2.0648338319 0.3268051431 
19 109 6.2125132768 12.9167462323 13.2442384004 12.4343365815 0.7411846443 1.9788453779 1.5476477939 
20 108 6.1520311129 13.5181128974 12.761297567 11.5680763492 2.0409025875 -0.2072684966 1.9914812096 
21 106 6.1131884228 13.0101580787 11.7683715471 12.5925430672 0.9450211449 0.0813828206 -0.0981289101 
22 106 6.1564612075 11.6174015185 10.626705863 15.6579072186 0.3608830748 1.1409524677 -1.1505530561 
23 103 6.0220679272 12.321003764 12.4017082186 11.5425901376 1.8552792941 0.4133068085 -0.5139184899 
24 100 6.0670865793 12.2485592747 11.064726137 13.496254149 -1.1978651039 -1.7637480382 1.9994199737 
25 93 6.0042399372 9.0018563856 15.298924413 11.7501164244 -0.8756572894 0.2594870572 4.8530750399 
26 91 5.7820481798 10.9701063152 11.0345309528 11.427443886 0.7771047836 -0.4713020317 -0.9344713371 
27 90 5.7291210062 11.3015426071 11.7046395253 9.8166453708 0.5033239339 -1.6480132346 0.7291285584 
28 84 5.6992968792 11.9839180899 9.502644595 10.9954222325 -1.0051101213 -0.9065463749 1.2153968628 
29 82 5.6067167744 10.7731824918 8.8813128051 11.7807776914 -0.7147933459 -1.2840931396 0.7336474157 
30 78 5.5110671665 9.3142070267 11.0557896267 10.0018646606 0.8771965093 -2.2016408577 0.0736902288 
31 77 5.5310364159 9.1183831903 8.7615396594 12.7124409843 -0.5181098657 -0.1291939879 1.2679280138 
32 70 5.2608474705 9.8997901281 9.2160413678 8.560684612 -0.3296963407 0.0912639418 -1.9410536384 
33 70 5.4429374586 9.857902113 11.9020962565 7.8655698092 0.8833239904 0.681454215 0.6717025623 
34 65 5.1535611299 9.4385118471 9.0253983339 8.095282139 -0.2023893863 0.3090024595 -0.5078218895 
35 63 5.234168836 9.4059883537 8.2546401496 9.7358949003 0.5477500757 -0.3505112513 0.5638680711 
36 44 4.6246453117 8.524845401 7.7004053836 5.1620934747 2.2067124665 0.3752763216 0.9718921845 
37 35 4.4290599427 5.10881701 6.8540524526 7.6537025131 1.6822228699 -0.3830027775 0.5887341257 
38 10 2.8521150948 3.3406435785 2.46488245 2.3290344853 1.5292861491 -0.8668487707 -0.2837892801 
39 1 0.0 0.0 0.0 0.0 0.0 0.0 0.0 
