# Cluster list (10 data points):
# "Cluster Identifier" "Cluster Size" "Radius of Gyration" "Gyration Tensor.XX" "Gyration Tensor.YY" "Gyration Tensor.ZZ" "Gyration Tensor.XY" "Gyration Tensor.XZ" "Gyration Tensor.YZ"
1 1426 16.7228609766 102.5360680331 43.1140651627 134.0039460453 -13.9260841131 64.352499349 -18.19201187 
2 705 11.1018749589 48.1286936171 41.0769621512 34.0459718339 -0.7392125193 1.9169530785 1.2595267815 
3 585 10.4396457656 35.7242147072 39.2659048459 33.9960841579 2.9376652831 -1.3385480388 -4.8469561612 
4 534 10.1537140049 34.6001696736 34.8912939416 33.606444478 3.9827057729 -0.1884617963 0.4650973745 
5 400 9.1919657773 26.1265343145 28.8075926804 29.5581078554 0.4725205276 1.280115418 -0.0485349394 
6 359 8.8678536063 22.6453470089 28.5148180936 27.4786624796 0.2435292615 1.1919847333 0.5025892973 
7 359 8.8537110078 26.4060344706 25.8759522711 26.1062118674 0.8118869984 1.8496559823 0.3506280321 
8 307 8.3942608649 24.3023440361 23.1714614338 22.9898099978 -0.6941915928 1.6961229727 -1.1258936497 
9 234 7.774605372 17.9054005885 18.0213848081 24.5177032938 -0.1168089371 -1.7980965154 1.2583246656 
10 91 5.8880574106 9.9226487003 8.6129753691 16.1335960015 0.0047596787 -1.9209359898 0.8570983551 
