# Cluster list (14 data points):
# "Cluster Identifier" "Cluster Size" "Radius of Gyration" "Gyration Tensor.XX" "Gyration Tensor.YY" "Gyration Tensor.ZZ" "Gyration Tensor.XY" "Gyration Tensor.XZ" "Gyration Tensor.YZ"
1 706 11.8324195141 62.2474188198 49.0303204777 28.7284122598 -23.2474570606 -4.6722741202 1.7299112522 
2 609 10.6154694855 39.9692761363 38.8154018644 33.9035143974 6.475343364 2.1507517533 2.9601371492 
3 535 10.3296853534 33.3479386761 31.5156345378 41.8388262856 2.3403797941 -10.3120375042 -4.4867511394 
4 505 10.0015375573 33.6850831866 31.1364472197 35.2092231047 0.7375953724 0.495726277 0.0360586895 
5 427 9.3503349784 28.7812689324 28.818559275 29.8289360003 -2.4352137725 -0.9868965733 1.9482097986 
6 401 9.1905765298 29.6492641477 27.1116854357 27.705747367 -0.2255819777 2.195168455 -1.0108985127 
7 359 8.9239284954 27.8626638247 22.5037917822 29.2700441844 1.216876683 3.4751603538 -0.1615737859 
8 358 8.8807212928 28.1817083988 25.9715040444 24.7139982375 3.2809818667 -0.3102040561 -0.8270061891 
9 307 8.5525941566 21.785247829 24.6385121725 26.7231068062 -0.3920967658 0.538114023 -1.9664899187 
10 235 7.9869989772 25.1535930254 20.4624777065 18.1760819301 -4.5667415488 0.3906816981 -0.7608213531 
11 186 7.3009830811 15.0602646607 19.027723194 19.2163660957 -1.2909082804 0.6946023746 0.1985320243 
12 157 7.0242095506 17.322070328 15.4381143571 16.5793351263 -0.1111601038 -2.327262139 2.1127619161 
13 124 6.4147865717 14.6672334094 13.2275615017 13.2546918494 0.0456127904 -0.2565591956 0.9386654349 
14 91 5.7565715172 11.007859421 10.6106401565 11.5196160549 -0.9348316495 -0.7560509375 0.6217041486 
