# Cluster list (11 data points):
# "Cluster Identifier" "Cluster Size" "Radius of Gyration" "Gyration Tensor.XX" "Gyration Tensor.YY" "Gyration Tensor.ZZ" "Gyration Tensor.XY" "Gyration Tensor.XZ" "Gyration Tensor.YZ"
1 814 11.7852156773 47.6302153069 42.8520537686 48.4090394858 4.5133950008 -11.4259008596 2.5155197416 
2 706 11.1433349671 48.6389315433 41.9639114993 33.5710711472 -1.2798547008 1.10698943 1.8668545223 
3 610 10.6316316295 36.9429178533 33.3345635853 42.7541096678 -0.3870374447 -2.9775127089 0.1883008181 
4 585 10.4513537863 35.8023123638 35.8477205532 37.5807630498 3.0957856488 -2.8321846948 -5.1357988442 
5 534 10.1595915877 34.6246998339 34.8173758537 33.7752255423 2.4955903425 0.1709055467 1.0305853552 
6 400 9.2206665441 27.1062445068 28.1384992129 29.7759477985 0.4326248918 1.3164673572 1.1708946648 
7 359 8.8560412831 22.2547055574 29.3155748346 26.8591868151 -0.7740842314 0.1097370015 0.6733638913 
8 359 8.9480425181 27.5090759602 26.3273052494 26.2310836955 -1.7852876288 1.8374545279 -2.0690603828 
9 308 8.4708205288 24.5120746307 23.4161898276 23.8265359729 -3.0014952268 -0.4908238237 0.8453065076 
10 234 7.7580945875 18.9071445026 18.7281338417 22.5527532848 -0.6302565106 -0.8811726851 0.5999754884 
11 91 5.7649821263 10.9020778443 10.1374109248 12.1955301478 -0.2878694892 0.0088530144 0.741458244 
