# Cluster list (18 data points):
# "Cluster Identifier" "Cluster Size" "Radius of Gyration" "Gyration Tensor.XX" "Gyration Tensor.YY" "Gyration Tensor.ZZ" "Gyration Tensor.XY" "Gyration Tensor.XZ" "Gyration Tensor.YZ"
1 505 11.5085021555 64.8677778488 26.5307906953 41.0470533182 -4.8359373862 -28.8033044451 3.9056745271 
2 443 9.536517071 28.9090653551 33.8173204615 28.218772029 1.0638348662 1.0106357688 3.1517529143 
3 401 9.4341075449 31.3090093277 28.8752764455 28.8180993952 1.0155326701 -2.19906114 -1.8467175828 
4 390 9.1959676049 25.3638801141 27.3145728636 31.8873672131 -1.8317238118 1.4243652721 -0.181133366 
5 359 8.9104944573 27.2310799632 25.4299001279 26.7359313818 0.3858272501 -1.3300100761 2.7538388453 
6 358 8.8625039126 24.2473821753 26.8359561397 27.4606372851 -0.6948383374 0.276788122 1.3056619534 
7 311 8.6658210442 25.8962053388 24.3058786636 24.894370368 0.0857880826 1.9083523546 1.6835517892 
8 309 10.9327008094 22.6611384717 28.8295502849 68.0332582313 -10.4736574668 -21.0545946935 27.705033177 
9 307 8.9781999307 39.3665189159 20.2250317396 21.0165233403 2.2580758688 -3.9521777636 -0.5846325283 
10 300 8.5409205125 23.729142836 25.5498836328 23.6682967329 -1.5016789534 -0.6336205945 1.1533362932 
11 263 8.070978163 23.3511036571 21.3482042141 20.4413806363 2.549170019 0.9485409595 0.6738023582 
12 235 9.2994342523 17.1776344464 15.9891883444 53.3126546212 2.7652818229 12.5182519639 11.7118090847 
13 186 7.3229089719 17.9047938432 15.5221892793 20.1980126876 -0.5678343023 -2.8653983678 1.8656102454 
14 157 6.9517274711 16.6177394744 17.71932895 13.9894464079 0.7595444943 -0.7658341318 -1.7413568406 
15 145 6.7860727106 14.9139868275 16.7375062111 14.3992897946 -2.7381261698 0.1623605174 1.1465471338 
16 124 6.3739859413 14.9059726315 11.6003036526 14.1214204958 -0.0284460193 0.2823956372 0.0285474104 
17 116 6.2587609299 11.7692011541 12.1397671761 15.2631200474 -0.3065848973 1.9245758862 0.2919585549 
18 91 5.8917866024 9.342922273 12.3657133568 13.004513739 0.6343116766 2.4161682873 0.3913170735 
