# Cluster list (14 data points):
# "Cluster Identifier" "Cluster Size" "Radius of Gyration" "Gyration Tensor.XX" "Gyration Tensor.YY" "Gyration Tensor.ZZ" "Gyration Tensor.XY" "Gyration Tensor.XZ" "Gyration Tensor.YZ"
1 706 11.4876106202 58.5716645832 41.1122952203 32.2812379581 -13.4562400635 -6.4694701013 2.8179102132 
2 609 10.6138425169 41.2422127858 35.7347049859 35.6767352021 0.083106111 5.6812282376 0.0779492011 
3 535 10.231711507 29.7142703576 38.0895220526 36.884127952 -0.8801119157 -4.8860797661 -4.6849349317 
4 505 9.9308544822 30.3437231199 33.0884314867 35.1897161408 -0.8396835653 1.0560404561 -0.2191452802 
5 427 9.4100495813 27.7609611612 31.534654083 29.2534178787 -0.1196594403 1.7292183751 1.9598133785 
6 401 9.2099691121 27.6649422849 28.7101239076 28.4484648531 1.3686015468 -0.804942524 -2.9656390616 
7 359 8.9340624341 27.6163753624 23.950173282 28.2509229321 -0.5845553078 -0.0796593215 -0.2302312267 
8 358 8.8993619989 26.5219211338 27.8735645815 24.8031582724 0.2843684329 0.7649545725 -0.3337797091 
9 307 8.4695450485 23.1689574336 22.6321698037 25.9320660913 0.7488250056 1.9855738038 1.9325500684 
10 235 7.9664555648 17.1847591949 21.3783695532 24.9012855171 0.2415319612 0.5855222957 0.1843132607 
11 186 7.3313183894 18.0286538535 17.0603073974 18.6592680758 -0.6298474306 1.0041999606 -1.3387777559 
12 157 6.9025081832 17.3894960618 14.7831074412 15.472015716 -1.2470931799 -1.5558309719 0.157451175 
13 124 6.4533468068 12.8908794345 14.503170301 14.2516352729 2.1724346029 0.816203694 0.781719522 
14 91 5.8603063646 10.7734740062 12.7364708333 10.8332458475 0.4417547043 0.5894323362 -0.3729228272 
