# Cluster list (13 data points):
# "Cluster Identifier" "Cluster Size" "Radius of Gyration" "Gyration Tensor.XX" "Gyration Tensor.YY" "Gyration Tensor.ZZ" "Gyration Tensor.XY" "Gyration Tensor.XZ" "Gyration Tensor.YZ"
1 706 11.1315408113 43.5969927357 46.6429491955 33.6712589028 -1.2299750229 3.4738983972 -2.1415685605 
2 690 11.2565403111 44.6268350442 34.0764622462 48.0064024856 -3.0759745174 -13.3316091655 6.5049629103 
3 610 10.5844256853 37.5022929158 34.0108774733 40.5168966988 0.3076553762 -0.4040776845 1.3584103956 
4 585 10.5246883957 33.272051851 45.2723802341 32.2246337417 5.9760793957 -2.6551643099 -1.7189638631 
5 534 10.1691412368 33.7125728482 31.5045451547 38.1943154919 4.5220885656 -1.5832689532 0.4950858796 
6 400 9.1970280646 29.8341758443 27.0279678044 27.7231815725 -0.2973501334 0.7212341594 0.7115900789 
7 359 8.8610636725 23.0851818666 27.9669957223 27.4662718201 1.4583947043 0.2032850985 0.0352042327 
8 359 8.9305215942 24.9107953497 27.4786508581 27.3647697366 -0.9118528588 -1.3844469168 1.0890343092 
9 308 8.465530918 20.8889812936 23.3867136423 27.3895187885 1.5587645959 -1.9194106579 -3.1597781112 
10 234 7.7453894951 22.0692527269 19.8857449591 18.0360607452 0.7953797956 1.2463389921 -0.3230490199 
11 124 6.4697963169 12.9940372196 15.9295606088 12.9346665539 -0.4100138657 -0.5647779501 1.9516545837 
12 90 5.8284203157 11.789573576 11.938798785 10.2421110153 0.5139175617 -1.7879395 0.8469720757 
13 1 0.0 0.0 0.0 0.0 0.0 0.0 0.0 
