# Cluster list (16 data points):
# "Cluster Identifier" "Cluster Size" "Radius of Gyration" "Gyration Tensor.XX" "Gyration Tensor.YY" "Gyration Tensor.ZZ" "Gyration Tensor.XY" "Gyration Tensor.XZ" "Gyration Tensor.YZ"
1 706 11.1591682536 45.3301108019 45.0197561977 34.177169112 -6.4991645965 3.3111322188 -2.0392558412 
2 609 10.5419298645 40.3673599914 33.8660178986 36.8989073772 -2.3083658956 1.3920629879 -0.7909726351 
3 534 10.1218516878 32.3995325623 33.6539468745 36.3984021532 1.1520442096 -1.1663491467 2.3932253352 
4 505 9.9404042672 34.8111661112 31.293654342 32.7068165421 -0.5877539237 -0.4949952975 -1.875980066 
5 427 9.3356200334 28.6152456231 29.9421044253 28.5964513602 1.0704390946 -0.7340475224 -0.2359244198 
6 401 9.191127096 29.6282231489 26.5907896517 28.2578044943 0.4950404121 3.8306780297 -0.4429744732 
7 359 8.899031143 22.5752347016 29.9105563448 26.7069642376 -2.0677469478 0.1448476644 0.0067101151 
8 359 8.9339689095 27.7318244507 25.5974705355 26.4865054902 3.811420008 2.4614096413 -0.8539803527 
9 307 8.4059944242 25.6491824981 21.5433547824 23.4682049792 -1.0886193806 2.9238118192 -0.1339674788 
10 234 7.9041595353 19.9578675492 18.4704659313 24.0474044793 -0.002415389 1.88167706 -1.506347189 
11 185 7.4052820032 16.3385175588 16.9692023377 21.5304816509 -0.6231598452 1.9276710236 -2.997376615 
12 157 6.9669370106 19.3102238045 13.4737040556 15.7542834495 -0.8006883285 -1.4587921163 1.3216494831 
13 124 6.5739072042 18.4174735162 13.5356144711 11.2631679424 -3.6808222922 -1.6278551078 0.7257434908 
14 91 5.8435025397 10.3852747918 11.8376910474 11.9235560926 -0.1662987509 -0.3305985545 2.4866088653 
15 1 0.0 0.0 0.0 0.0 0.0 0.0 0.0 
16 1 0.0 0.0 0.0 0.0 0.0 0.0 0.0 
