# Cluster list (11 data points):
# "Cluster Identifier" "Cluster Size" "Radius of Gyration" "Gyration Tensor.XX" "Gyration Tensor.YY" "Gyration Tensor.ZZ" "Gyration Tensor.XY" "Gyration Tensor.XZ" "Gyration Tensor.YZ"
1 814 12.0245197473 45.9689919726 50.8297449745 47.7903382054 11.2624610996 -9.3550178992 4.8416100844 
2 706 11.1078688172 39.9304084777 46.2951541305 37.1591870518 -0.3562221791 6.0773977528 0.0847976078 
3 610 10.5329107777 37.2028650024 34.7477646361 38.9915798123 -0.4221511132 0.9978056565 0.6328776197 
4 585 10.4516823111 34.0354823587 39.0386709434 36.1635098309 3.4635239766 -3.5765955306 -3.9128012247 
5 534 10.1477283011 34.1819171491 32.1450933863 36.6493791383 2.2062224051 -2.2849138689 -0.5023453939 
6 400 9.1708855486 29.514108104 27.5703113641 27.0207222775 0.3730490211 0.7916250841 1.3383324451 
7 359 8.8940889975 23.9037642897 28.276673399 26.9243814074 -1.3114871256 0.5424795068 -0.2840426721 
8 359 8.9732336323 25.6830101563 31.3085409434 23.527370721 1.323768051 0.8403224214 2.9295605536 
9 308 8.4576298973 21.278636357 22.2584923601 27.994374763 -0.1834810064 0.8733057175 -1.8234175036 
10 234 7.7738419863 18.8032070784 22.6901450298 18.9392671196 -0.358122245 -0.3849869585 -0.5430941279 
11 91 5.703433019 11.2853678085 10.9815124836 10.2622679096 -0.1821582475 0.3407878249 -0.5196819039 
