# Cluster list (23 data points):
# "Cluster Identifier" "Cluster Size" "Radius of Gyration" "Gyration Tensor.XX" "Gyration Tensor.YY" "Gyration Tensor.ZZ" "Gyration Tensor.XY" "Gyration Tensor.XZ" "Gyration Tensor.YZ"
1 534 11.1271904058 65.973962118 16.140270923 41.7001332861 5.2188271802 38.4723412911 9.4607786527 
2 410 8.8499120995 37.2439570658 10.2983836799 30.7786034227 1.9878898354 -11.5327661891 -6.1328374908 
3 351 7.5101575431 18.461004598 19.2464058367 18.695055888 1.5741806663 -8.7391635842 -4.0780757421 
4 335 8.4812121081 18.5719235021 18.4756307242 34.8834045967 8.7751031517 -12.5156460608 -13.0848677555 
5 302 7.7622184526 11.7065339787 20.8334719299 27.7120293978 4.1197592069 0.322618482 14.11556302 
6 298 8.7903710967 53.2696191316 12.8488533166 11.1521515695 9.3001961078 8.293283976 4.8227861419 
7 278 7.1349602814 15.5229066223 11.5907410875 23.7940105081 5.2332922587 5.6176847 1.8529627296 
8 247 8.5224616238 48.0231928163 10.4583584589 14.1508008543 11.9323921981 17.0524851994 4.3019606539 
9 224 6.2283493069 14.3068283218 10.988728735 13.4967780314 1.0179145369 -0.4818009495 -4.2564419632 
10 219 6.703975269 17.1890709384 15.4769966166 12.2772168525 9.8309852429 0.771954377 2.7832101104 
11 211 7.3221944595 21.4950488755 24.5219371419 7.5975456857 16.4934214481 1.9645963443 1.6287699353 
12 208 7.2383547548 24.0710190386 15.0717564941 13.2510040232 13.2474094192 7.8866472211 3.7303324916 
13 185 6.0055128807 11.7819601361 14.9372141275 9.3470106966 2.8793721269 4.0400903153 1.8522498546 
14 165 5.7898600078 8.9602183004 10.0053493744 14.5569112348 -0.1845054655 -4.5418343602 0.9159714581 
15 150 5.4728957333 7.6292203905 7.7813626197 14.5420046971 -0.5511465294 2.0098236637 -1.7654119191 
16 150 5.7126436861 10.9900235204 7.1236929692 14.520581395 2.3282290215 -4.0136949425 -1.346487898 
17 148 5.4810515969 8.6705674138 12.6953067606 8.6760524333 2.5548776916 0.9572510701 -2.5750093411 
18 139 5.8649488727 22.5743673321 5.3672048074 6.4560531395 1.5670113432 2.537699191 0.6196450537 
19 118 5.1729672703 6.3937627376 12.4464825607 7.9193450809 -0.8028055811 0.1940468292 3.8477158033 
20 90 4.4948486494 7.1417619947 6.012467198 7.0494351887 0.072756502 -2.0026692614 -0.371041959 
21 87 4.5638313028 5.8705223907 8.0744903776 6.8835433917 -1.9224201123 1.531751174 -1.2327704168 
22 77 4.497544661 11.3011352161 4.2301530584 4.6966197029 -0.6703661119 1.7677027091 -0.7072354343 
23 74 4.2477977994 5.7637148191 4.9025124249 7.3775589002 0.5658065179 -1.5946175666 -0.7228221049 
