# Cluster list (8 data points):
# "Cluster Identifier" "Cluster Size" "Radius of Gyration" "Gyration Tensor.XX" "Gyration Tensor.YY" "Gyration Tensor.ZZ" "Gyration Tensor.XY" "Gyration Tensor.XZ" "Gyration Tensor.YZ"
1 1293 14.5617878688 38.3931019555 128.2848291023 45.3677348782 35.2229895354 -23.5624319902 -40.3121899069 
2 1064 17.655670191 21.8898929202 202.5050893004 87.3277076717 10.3231361887 -0.4774092494 -78.8472304206 
3 879 14.1680377944 77.6615488075 94.9129900077 28.1587561271 -64.8354661003 26.7192848305 -27.8046185523 
4 624 11.8011176384 41.9758232686 42.9705052541 54.3200489925 27.2440267087 25.0343502445 29.9319280514 
5 450 9.1825511218 26.8675104816 34.1208828139 23.3308518091 20.2477124771 -4.7094936906 1.3249278084 
6 293 6.9936545104 15.406310399 20.1058619146 13.3990310978 -1.9855934883 -0.1632529593 -4.5296022541 
7 247 8.5258256653 25.6495483694 33.7785027315 13.2616521749 -22.6368360684 -10.8054904146 12.1477482136 
8 150 5.4760242082 13.3259301401 7.1370892599 9.5238217287 -0.753022838 3.5927081882 -0.3993357042 
