# Cluster list (14 data points):
# "Cluster Identifier" "Cluster Size" "Radius of Gyration" "Gyration Tensor.XX" "Gyration Tensor.YY" "Gyration Tensor.ZZ" "Gyration Tensor.XY" "Gyration Tensor.XZ" "Gyration Tensor.YZ"
1 624 11.7912785075 29.180379919 53.5115953177 56.3422736044 21.884073543 16.0398818442 36.428589267 
2 600 13.11918948 45.4642411811 51.5840026228 75.0648888079 34.094740566 -41.4938541914 -51.6941451848 
3 520 11.4601872818 24.5673102922 27.260661548 79.5079206933 17.0893516649 25.7251438111 31.8432914481 
4 450 9.1660528504 25.0483874541 38.7130071075 20.2551302953 11.993584997 -13.4960079786 -6.1558404488 
5 410 8.8490660715 24.1027486475 28.67269872 25.5305229704 -16.3204765352 9.4162841329 -3.8206205128 
6 396 10.0682061463 47.4585977209 17.028399193 36.8817780904 6.3605879123 -33.8037221432 -9.218827228 
7 358 8.5088667876 13.0697054751 26.0088608898 33.3222476435 10.0330355071 5.9789931279 14.1212245341 
8 351 7.5104217656 12.3013947321 18.9201310428 25.1849093216 0.5669197667 -6.6062932801 -3.3171239311 
9 335 8.4660568414 13.208879844 47.8914361517 10.5738024467 6.8028766749 1.6631061583 2.0024171531 
10 293 7.0020016053 14.4827544331 16.4533547144 18.0919173328 -2.060098195 -0.3365888931 -5.3650243426 
11 247 8.534549811 17.0242492009 35.6681336456 20.1461576297 -17.5592174529 -11.3740178148 18.8134686273 
12 150 5.4775227521 10.4525620321 8.9591702274 10.5915232401 -2.4538806108 -3.3674104083 2.3675368369 
13 148 5.4696338204 9.7956957888 11.0270770715 9.0941212689 2.1432453864 3.5078392882 1.0670137865 
14 118 5.1734540811 7.9982215436 12.033531495 6.7328740905 -4.1076886774 0.2273863688 -0.935081296 
