# Cluster list (19 data points):
# "Cluster Identifier" "Cluster Size" "Radius of Gyration" "Gyration Tensor.XX" "Gyration Tensor.YY" "Gyration Tensor.ZZ" "Gyration Tensor.XY" "Gyration Tensor.XZ" "Gyration Tensor.YZ"
1 534 11.1168069007 49.3627757309 35.8045956038 38.4160243319 22.7605839406 32.4709752735 24.1152218807 
2 450 9.1797460655 17.0055352611 40.605683357 26.6565192093 9.7587498445 -11.9822465923 -9.1214567985 
3 410 8.8446960702 44.6906165601 9.9155135699 23.6225184445 1.3657998959 -6.8138876667 4.0559858505 
4 358 8.5181109904 28.3552320127 23.5524509368 20.6505318958 18.3259613061 7.6229316047 6.0362368774 
5 355 8.6249297799 16.3588425186 26.3966075041 31.6339636862 11.467624798 8.5670571642 17.8060563835 
6 351 7.5128251589 14.7242806266 18.5632216615 23.1550395804 -1.4678692935 -5.4509674647 -6.8590347814 
7 335 8.4805988393 13.2034325351 36.8186216586 21.8985024788 9.4264146056 -4.7975918863 -15.4490244287 
8 302 7.7616555756 17.6453552364 17.1439292818 25.4540127555 -6.4908308116 -6.8505182707 13.0167926682 
9 298 8.7909839317 29.6912044233 24.6269424185 22.9632516448 -14.6763269096 15.6033170923 -16.5284588479 
10 247 8.5113619594 9.9852652746 22.4666489748 39.9913681541 -6.7513728268 -10.7315773472 22.1189317795 
11 219 6.6918897532 17.8190684115 7.8755924892 19.0867275679 -2.4649541466 7.9423037522 1.4713319946 
12 211 7.3264441476 6.3973209465 39.8055663367 7.4738965641 0.9590768653 0.0851783824 0.4417836828 
13 185 6.0181224381 14.7562769213 8.2533829275 13.2081378315 2.5341922478 -4.0809458393 1.1769032127 
14 165 5.7836916067 9.3053187085 9.7485928518 14.3971770412 -0.2823678097 -4.4105949085 -1.5374379886 
15 150 5.4753096523 7.2272430522 8.6107927949 14.1409799413 -0.2996461756 -0.2363688144 3.0966173228 
16 148 5.4803764616 13.2854736557 7.8626405173 8.8864119879 -2.3089002804 0.8761406458 -2.2481790784 
17 118 5.1748095652 9.8148882831 6.9318114733 10.0319542792 1.8251168124 4.2300329851 1.0558463526 
18 90 4.4837447833 5.7021045031 6.1846043651 8.2172584132 -0.7163712671 0.3970031457 -1.2482365171 
19 74 4.2526921396 4.7354795248 6.1026975747 7.2472133344 -0.4317829446 0.5979394409 -1.6745937161 
