# Cluster list (17 data points):
# "Cluster Identifier" "Cluster Size" "Radius of Gyration" "Gyration Tensor.XX" "Gyration Tensor.YY" "Gyration Tensor.ZZ" "Gyration Tensor.XY" "Gyration Tensor.XZ" "Gyration Tensor.YZ"
1 624 11.8223818807 51.2838699471 33.9894002446 54.4954431418 26.2266818219 29.8380183739 25.3894523507 
2 520 11.4829559065 23.8061348499 24.278102603 83.774038898 15.5928724432 26.4431305823 28.7082494127 
3 450 9.1742633548 21.4155201413 42.384681346 20.3669066166 5.4604970261 -11.4436591761 -12.0099947345 
4 410 8.8513152766 35.6296023255 21.5451553852 21.1710244153 -16.4908108928 0.6266578778 5.758136061 
5 358 8.494741716 15.7012613014 37.5898986481 18.8694768716 11.5046992579 0.0656014007 12.7292133542 
6 351 7.5128412728 14.1279595021 14.9465105615 27.368313926 -3.4076606473 -4.5352099221 -2.9917814521 
7 335 8.4814688574 18.6189181629 36.5668231668 16.7495726491 14.8369539655 -4.9710238832 -11.3722336149 
8 302 7.7712245881 24.1390854286 24.6396401957 11.6132059749 -14.3273442231 -0.4618372658 4.947684684 
9 298 8.779661846 15.3711708273 35.0424652885 26.6688260139 -8.1413971257 10.525622249 -21.488788562 
10 247 8.5250243575 7.5229461383 46.9898871764 18.1632069806 -2.1494465781 -1.7848266767 21.374278545 
11 219 6.7026728322 13.3478295173 12.6461076945 18.9318858832 -6.9674732413 5.355265967 -4.5743368733 
12 211 7.3316878226 9.7840066195 32.6585266361 11.3111130718 7.6158888086 -3.5052058626 -11.416197291 
13 185 6.0162619252 13.895052433 10.9240692498 11.3762858703 1.434732416 -5.4844247516 1.1831944185 
14 150 5.4796886079 8.9326209325 12.9691511615 8.1252151457 2.9486790928 -1.3261005696 -2.5426122594 
15 148 5.4690868838 9.6220129454 9.0565917004 11.2323066968 0.4567715648 -3.6783881854 1.9856956428 
16 118 5.1785538918 10.5921416135 5.9338976004 10.2913811968 0.7939546885 -3.9582319785 -1.5348238864 
17 74 4.2573079611 4.9300369514 6.5636250429 6.6310090815 0.2415820718 0.336450992 1.9926709538 
