# Cluster list (21 data points):
# "Cluster Identifier" "Cluster Size" "Radius of Gyration" "Gyration Tensor.XX" "Gyration Tensor.YY" "Gyration Tensor.ZZ" "Gyration Tensor.XY" "Gyration Tensor.XZ" "Gyration Tensor.YZ"
1 534 11.1344111924 55.8092367565 19.2972297205 48.868646125 9.9806006329 39.0065324821 15.2548464221 
2 410 8.8422142272 37.3072538906 9.5166695552 31.3608289934 5.1827784426 -11.3835460936 -0.818586566 
3 363 8.8811112308 10.8711741914 56.714921052 11.2880414509 5.1521789382 -2.5525131729 -7.613470177 
4 358 8.5184849546 32.272921345 21.4846623044 18.8070022718 18.5363808113 5.0284672424 4.79105966 
5 351 7.5215298067 16.2117926134 17.3539331971 23.0076848219 -1.0520321163 -7.2335480784 -5.6124487056 
6 335 8.4711484862 17.5717745348 26.1180166196 28.0705655214 9.8150425858 -12.0367373621 -14.6626993394 
7 302 7.7589102414 16.1475844209 18.3423195032 25.7107842106 -7.676404465 -5.6398093819 12.7871819075 
8 298 8.7846170313 43.3089061199 16.9891248328 16.8714654336 -11.0122851498 18.8034204081 -5.9738155253 
9 278 7.1279449346 15.5380093644 13.4456928199 21.823896806 6.6738317878 4.4428039306 4.1509477192 
10 247 8.5300682055 13.8328786239 26.2804090319 32.6487759345 12.0056992762 13.4850831614 21.6322150086 
11 219 6.7010265028 20.0622077461 13.1205795495 11.7209688955 3.2463181261 7.3904988503 5.0180700719 
12 211 7.3237511081 7.1883302295 38.2861615996 8.1628384637 5.0304785222 0.745442342 4.7392642858 
13 185 6.0174160533 16.2979718003 8.7440661568 11.1672580012 3.6308002522 1.0182020074 2.6008855425 
14 165 5.7893041311 8.5902494649 9.9816832392 14.9441096182 -2.3948604829 3.2504877295 -1.6457869102 
15 150 5.4724159233 7.1387088865 7.324112324 15.4845148267 -0.0466560743 0.8595155867 0.1367813299 
16 148 5.4842205462 8.5713926102 8.9239374697 12.5813449194 -1.2905639308 -1.1750535119 -3.4312283763 
17 118 5.1820073626 5.7333128276 9.0529015434 12.0669859352 -1.0698005396 -1.5648417926 3.550353342 
18 90 4.4827929126 7.2744419082 5.7688626322 7.0521277567 1.250185424 1.2193892506 0.7128560908 
19 87 4.5646251207 5.13931404 6.8200827224 8.8764057299 -0.6419090641 0.5127084517 2.1826018704 
20 77 4.4817334029 7.213808138 5.8860678949 6.9860582618 -2.5412946776 2.3714656827 -2.4867112705 
21 74 4.2498045738 6.1704259358 4.9939406492 6.8964723303 -0.6950514481 -1.7336166396 0.63920449 
