# Cluster list (12 data points):
# "Cluster Identifier" "Cluster Size" "Radius of Gyration" "Gyration Tensor.XX" "Gyration Tensor.YY" "Gyration Tensor.ZZ" "Gyration Tensor.XY" "Gyration Tensor.XZ" "Gyration Tensor.YZ"
1 761 13.6492234916 115.149073731 46.9266451148 24.2255830777 -53.3301382614 22.6836105558 -12.5358720922 
2 693 12.0894290038 57.9010806631 63.4233915623 24.8298214121 46.7426488069 -19.2582786285 -14.7440368325 
3 624 11.7837382501 33.0772944483 45.4734054703 60.3057872279 22.7218936456 20.7847221036 33.9114699117 
4 600 13.0968817305 84.1671767016 29.575109522 57.7860248392 34.2523797892 -53.9445862505 -30.3917457426 
5 520 11.476911937 20.3599609228 41.9406217261 69.4189249609 16.5473839012 16.0060779161 42.6791759249 
6 450 9.1730067229 35.1538952474 33.9615817097 15.0285753814 13.1281086692 -12.3078912614 -2.4335210418 
7 396 10.072174276 33.5715328106 38.5514840299 29.3256778066 27.0464495006 -21.4448433148 -17.3242373733 
8 293 7.0015111235 15.3483342391 10.9745234848 22.6983002892 -0.692282565 0.9804601704 -0.1948838341 
9 247 8.5152272775 21.1403074454 38.0484778812 13.3203102612 -20.8887393115 -8.8654901522 14.2298940844 
10 150 5.4839541309 10.3846737951 10.6536911268 9.0353879884 3.2814622221 2.5007348708 2.4615599247 
11 148 5.4686370254 11.4117517241 12.2968455569 6.1973936348 2.1351717069 0.9732381492 1.5700002266 
12 118 5.1736037515 7.9651725071 13.4024226864 5.3985805844 -2.9056298155 0.19725076 -0.3135997931 
