# Cluster list (27 data points):
# "Cluster Identifier" "Cluster Size" "Radius of Gyration" "Gyration Tensor.XX" "Gyration Tensor.YY" "Gyration Tensor.ZZ" "Gyration Tensor.XY" "Gyration Tensor.XZ" "Gyration Tensor.YZ"
1 476 10.7059830746 44.1371338392 32.8649545595 37.6159851942 25.2449194185 29.9060182913 24.4278739065 
2 410 8.8400842957 25.6674178638 12.1815996962 40.2980727946 7.652306932 -8.509463225 -6.2785359666 
3 351 7.5150575541 14.5104968583 26.2781974545 15.6873957279 0.8567505052 -5.0285797416 -5.3206068018 
4 335 8.4759104964 14.3535069964 26.6892713521 30.7982803951 8.7972343979 -7.553583784 -17.0146438423 
5 298 8.7656689598 41.9474751124 26.6346536165 8.2548235834 20.9586994985 -1.8958615135 1.5420281497 
6 224 6.2254553404 13.9339045367 10.7166763906 14.1057132676 4.1862596921 1.1474074854 -0.0886698883 
7 219 6.6983402939 11.3763648369 13.2771709882 20.2142268677 5.1709534561 2.2740295936 7.4750220735 
8 211 7.3221684526 26.5568726757 15.8457829311 11.2114952417 13.2603239431 8.8324806685 6.7142575719 
9 210 6.9229944873 26.3290375989 9.3423134708 12.2565016015 5.782183319 0.7124566373 3.4414678769 
10 208 7.2720229217 9.4335959553 17.7465974819 25.7021239362 6.8956604718 8.3789533081 10.6804538863 
11 187 6.1659020071 11.8544007129 9.2548944743 16.9090523741 2.9212473904 -4.8525428848 -4.7461842011 
12 185 6.3917418747 6.0230830883 14.12626133 20.7050197743 1.0692761921 -1.9836782479 4.042462669 
13 165 5.7802338313 9.1245747653 7.9168131763 16.3697152028 1.2879531701 2.0422091167 -1.7526261634 
14 152 6.4435519929 27.8785845681 6.2551099348 7.3856677829 4.9797948486 5.3124231133 1.4878995763 
15 150 5.4742479867 10.7192717113 10.9084146176 8.3397046907 -3.5358783942 -2.2071665186 2.0863867016 
16 150 5.7171961181 8.8511188007 12.0645810138 11.7706316383 -0.6249067322 0.0115834732 -5.85458545 
17 148 5.4782468019 8.9848765568 9.2399464997 11.7863649664 0.4975506884 -2.6368198183 3.0943415872 
18 139 5.8687491941 6.9220281032 11.6469554072 15.8732335924 -3.5241486969 -3.9361321899 7.4294338676 
19 118 5.1653902131 11.7871698242 7.8809358299 7.0131503997 3.475911689 -1.8411167279 -1.7936812834 
20 95 4.6473712905 9.8360992611 5.9492302538 5.8127303972 0.4378866884 -0.2738146461 -0.087829588 
21 92 4.7418376482 6.3923868745 11.1301740534 4.962463354 -2.5840594887 0.4794677984 -0.7555352119 
22 91 4.5876958327 6.9833474924 5.3715332541 8.6920723066 -1.2886540472 0.6990361582 -0.2361223831 
23 90 4.4824416376 6.8326069684 6.0687612251 7.1909148411 0.2868984932 1.8148872072 0.8265584207 
24 87 4.5720885612 5.6487514121 8.1392291223 7.116013277 0.3327337229 0.771720886 -2.6358257582 
25 77 4.4961836901 5.9817395695 6.8093696454 7.4245585606 -2.123090216 2.9058046516 -2.4635364295 
26 74 4.253453192 4.8897767643 7.3144928441 5.8875944481 0.3566658714 -0.1563714974 -1.8307783281 
27 58 3.9435533988 3.7076693891 6.9596554688 4.8842885516 -0.3847134864 -0.2389752042 -0.7274874352 
