# Cluster list (25 data points):
# "Cluster Identifier" "Cluster Size" "Radius of Gyration" "Gyration Tensor.XX" "Gyration Tensor.YY" "Gyration Tensor.ZZ" "Gyration Tensor.XY" "Gyration Tensor.XZ" "Gyration Tensor.YZ"
1 476 10.7236525337 41.0706359574 19.5658748229 54.3602128843 14.8313283012 35.3706368895 19.9382979261 
2 410 8.8576889634 33.6962734614 10.1952630035 34.5671173083 3.3232131038 -11.3443314437 -6.6312683397 
3 351 7.5120144012 14.2866469151 19.1578152089 22.9858982403 -5.1915029349 -0.3055107796 -7.1551398645 
4 335 8.4753009052 19.5288850092 16.7679746268 35.5338657969 8.0724743179 -12.9896178017 -12.4275536159 
5 302 7.780791838 12.3710826992 22.0666861675 26.1029527593 3.3689414215 -0.0514565316 15.1781945894 
6 298 8.7888158257 55.4670203293 12.8114958536 8.9647674355 7.5638633646 3.671594968 3.3002728075 
7 278 7.1465827129 10.1586485283 19.8531378702 21.0618580731 5.3185655275 2.372117514 5.5966572123 
8 224 6.2243239171 14.7743929462 11.6627985979 12.3050166803 1.9401682351 -0.3282239494 -4.0466567338 
9 219 6.7056581005 16.5934887685 13.9155247471 14.4568370449 7.147135366 7.4171786001 1.840272412 
10 211 7.3239207478 31.0795325131 11.8668585582 10.6934240484 11.6029920573 9.0407975983 3.8913113054 
11 208 7.2888258875 29.5519195863 11.1412758786 12.4337873537 7.561156898 11.9161645027 1.2857608983 
12 185 6.0120233681 10.15668882 12.6006237823 13.3871123759 2.9357883912 4.711162719 1.4759984034 
13 165 5.7900641205 8.6772878727 9.2884323569 15.5591222904 1.7456714165 -3.502894462 -0.4119075944 
14 152 6.4412161559 29.9232619958 6.1337686994 5.4322348713 2.1528256898 1.4805570807 0.5497952633 
15 150 5.4682341723 9.2386270032 7.2249917089 13.4379662514 -0.4764250459 -3.3408844519 1.0044896625 
16 150 5.7180524424 14.0984107949 9.3449576238 9.252755315 -4.4230757135 1.8962999819 -2.6917686485 
17 148 5.4794925137 9.1921125142 12.2340701343 8.5986555594 0.1071618898 -1.4257533842 3.6876357183 
18 139 5.8729181465 10.867219425 12.5400117181 11.083936412 6.5180758565 4.8426507218 6.0998988738 
19 118 5.1647761166 10.1440574752 11.1047549971 5.4260998619 -3.9216900807 -0.244056358 0.0160656204 
20 95 4.654266311 6.9164770627 7.0103109233 7.7354069078 -1.1324722278 1.533599542 -1.4284098174 
21 90 4.497927347 8.4667014232 5.9494401857 5.8152088098 -0.8766412336 -1.2771332554 -0.1215453192 
22 87 4.562628007 6.6432142594 9.5955453744 4.5788146965 -1.3161058407 0.2135753598 -0.7688006212 
23 77 4.4922832873 7.4725528006 5.4302591396 7.2777971935 2.2017677849 3.349502119 1.4389900301 
24 74 4.248143636 5.9364863496 5.7350889478 6.3751490543 1.1486606134 -1.2715626747 -1.3065091779 
25 58 3.949685573 7.230973929 3.7885351866 4.5805070096 0.00152308 -0.3120919592 -0.4093485637 
