# Cluster list (12 data points):
# "Cluster Identifier" "Cluster Size" "Radius of Gyration" "Gyration Tensor.XX" "Gyration Tensor.YY" "Gyration Tensor.ZZ" "Gyration Tensor.XY" "Gyration Tensor.XZ" "Gyration Tensor.YZ"
1 761 13.6826101791 121.5589119265 44.578577172 21.0763322152 -52.779845804 15.6629430391 -7.9897590084 
2 693 12.0841423769 47.013482921 65.9037698097 33.1092442539 43.349027416 -22.1584370483 -23.8052759989 
3 624 11.8025907814 34.3825393759 42.0248129615 62.8937968166 23.3727485214 24.7270197535 30.5583056536 
4 600 13.107749831 103.2509658841 20.8482858115 47.713853937 31.3343745474 -52.0665078935 -17.6515490337 
5 520 11.4918128738 28.4587100394 65.651952303 37.951100785 31.2934242815 16.0649470339 36.9742974736 
6 450 9.1751166812 31.3504913611 31.7750176725 21.0572570794 12.6095545138 -15.7829758691 -3.68741416 
7 396 10.0872434609 26.8539349894 50.756713805 24.1418318453 28.8384409834 -14.0880864766 -16.8533079397 
8 293 6.9983521437 15.1382316727 12.0116779707 21.8270230837 -2.0043708527 2.6464564553 -0.2639042317 
9 247 8.5045712219 36.1270062397 24.6390809409 11.5616444883 -22.5233993441 -11.0422667251 9.3480438326 
10 150 5.4647657204 12.9966349035 7.2335452484 9.6334842271 0.472582154 3.714885872 0.1310866608 
11 148 5.4699968127 9.422810597 13.9075039253 6.5905506088 0.309542325 0.5302185365 -2.2968075075 
12 118 5.1668532425 7.2232946242 13.5896923205 5.8833854852 -2.5731794624 0.2092563829 1.2149702277 
