# Cluster list (17 data points):
# "Cluster Identifier" "Cluster Size" "Radius of Gyration" "Gyration Tensor.XX" "Gyration Tensor.YY" "Gyration Tensor.ZZ" "Gyration Tensor.XY" "Gyration Tensor.XZ" "Gyration Tensor.YZ"
1 624 11.7772010588 38.1140517961 36.9028015251 63.6856114586 21.289275942 24.9236854703 31.1400020466 
2 520 11.472530858 23.1323524305 18.2944062963 90.1922055617 11.1328573635 23.3284063233 25.7270352148 
3 450 9.1780204535 14.1902565863 40.7728200832 29.272982775 -0.1195229217 -8.9628771246 -14.2620712343 
4 410 8.8443324697 20.9734800859 33.7171025476 23.5316342003 -16.9957554695 -0.2522129649 6.020699187 
5 358 8.5129578573 17.7432699777 39.577679145 15.1495023567 9.8818920904 -0.3216599577 12.8352730733 
6 351 7.5094402408 14.8276421238 14.3160715862 27.2479790203 -4.0327197807 -0.8622982821 -4.9925251156 
7 335 8.4713751649 12.5361408922 46.1125474343 13.1155088575 5.4601970125 -0.092147012 -9.4504472162 
8 302 7.7716108373 27.513209551 18.3848499583 14.499875497 -12.994822715 -4.7950811394 6.9972140964 
9 298 8.7813274334 12.6827829114 27.6911243693 36.7378042119 -1.5026298234 5.3060384032 -23.7416456478 
10 247 8.5193073484 7.058839239 29.0226181981 36.4971402603 2.0483672361 1.5138786289 25.2321060689 
11 219 6.704190288 7.9307528591 20.7310424377 16.2843721205 3.5693504876 0.7811947412 -7.405500077 
12 211 7.3104952829 18.1581669795 20.9498958834 14.3352784182 12.2060415254 -9.717715534 -10.1322743313 
13 185 6.00616481 7.9375117615 10.166402111 17.9701018528 2.2457044852 0.5669549153 -1.4985047139 
14 150 5.4747133545 10.0006762618 7.5343465297 12.437463523 0.8875571187 -3.7610739399 -1.4900482585 
15 148 5.4794200117 13.6182695607 9.5970112808 6.8087628226 0.425149928 -2.721075263 0.1250043334 
16 118 5.1785620483 13.1482571623 5.6119465246 8.0573012013 -0.1933216213 3.2281674054 -0.6425552386 
17 74 4.229634269 4.993460867 4.9330120005 7.9633331817 0.0337165387 0.8180563569 0.4989101533 
