# Cluster list (19 data points):
# "Cluster Identifier" "Cluster Size" "Radius of Gyration" "Gyration Tensor.XX" "Gyration Tensor.YY" "Gyration Tensor.ZZ" "Gyration Tensor.XY" "Gyration Tensor.XZ" "Gyration Tensor.YZ"
1 534 11.1174311673 50.3839844617 40.4619872278 32.7513040696 26.6461917674 27.4540272773 25.7871313489 
2 450 9.1835839169 16.0756131133 44.6615023393 23.6010981056 8.0681171886 -10.5004317725 -8.395662106 
3 410 8.8573872959 43.4055968486 10.9146422041 24.1330706568 -4.086645467 -7.3917951825 6.0148084087 
4 358 8.4983516802 19.3539214583 29.3357056651 23.5323541566 11.3332502372 3.6624573834 16.3337283664 
5 355 8.6298059144 11.5099688137 12.0327475632 50.9308337437 3.511206774 3.3881303001 7.0420953466 
6 351 7.5106195848 13.5131733369 14.782185245 28.1140479662 -3.702823034 -2.8251313907 -3.0348311597 
7 335 8.4681918299 12.74840337 41.0608617628 17.9010077357 9.07123477 -2.8187509626 -13.0291993496 
8 302 7.7677129717 22.56765942 15.7054507475 22.0642546438 -10.1370661389 -8.6347648664 9.5711815369 
9 298 8.7897709615 21.9764056194 21.92303795 33.360629986 -9.6754214431 14.9602896979 -19.5265717442 
10 247 8.5152195735 8.1801687947 30.4463360951 33.8824594945 -5.9520178197 -6.7905986841 24.4985353065 
11 219 6.7087516771 13.5669393672 6.6852558013 24.7551538958 -2.2084648593 4.3754367224 -1.8804946723 
12 211 7.3198554987 10.1409439311 32.4473636976 10.9919768932 -8.7755552274 4.1918932032 -10.3467074222 
13 185 6.017428565 16.6676007606 12.3434426281 7.1984031459 -2.8162164497 2.0689217332 0.8945616208 
14 165 5.7842877203 10.0647375591 10.0534806337 13.3397662388 0.2100777369 -2.0786576897 -4.6049342438 
15 150 5.4708008806 9.0831911692 7.7169268067 13.1295442995 0.7929388166 -3.3568207603 -1.730491882 
16 148 5.4775585965 14.2888229166 9.5305062743 6.1843189869 -0.9506838289 -0.6150550596 1.1457626201 
17 118 5.1666378499 13.7103649831 6.8336561122 6.1501255771 1.5720623676 2.0328640193 0.9189496108 
18 90 4.4936996663 5.4835713851 6.8772742582 7.8324910478 0.8424922011 -0.9363640544 -1.3113555806 
19 74 4.2505487361 5.7444984592 4.8254620385 7.4972040599 0.3878009292 1.7051270991 0.38195111 
