# Cluster list (8 data points):
# "Cluster Identifier" "Cluster Size" "Radius of Gyration" "Gyration Tensor.XX" "Gyration Tensor.YY" "Gyration Tensor.ZZ" "Gyration Tensor.XY" "Gyration Tensor.XZ" "Gyration Tensor.YZ"
1 1293 14.5552855466 27.4754382732 139.7599807555 44.620918314 22.9612672193 -15.7769093191 -38.2388169485 
2 1064 17.6165475365 21.919323878 194.3846992474 94.0387239811 7.0774800493 1.8689786726 -81.324185722 
3 879 14.1825221569 85.8338763827 84.4268559561 30.8832023915 -64.3334984525 31.4493473998 -28.9684199036 
4 624 11.7912455913 34.0164615986 43.5913210398 61.4256899559 22.4374850477 21.6720137718 33.6389924685 
5 450 9.1790341173 22.9952112173 42.2130050246 19.046451085 15.6513196053 -6.3518730413 4.4087782156 
6 293 7.0018921256 14.3686011677 17.2989565934 17.358935578 -3.5346996206 0.2922281375 -4.5212607704 
7 247 8.527175371 28.2199879107 26.3435292433 18.149202654 -20.7538685698 -14.9158844373 14.3397085642 
8 150 5.4708213303 8.9427873102 11.9283295716 9.0587691464 -2.8807114622 1.6288324542 -3.0540986782 
