# Cluster list (9 data points):
# "Cluster Identifier" "Cluster Size" "Radius of Gyration" "Gyration Tensor.XX" "Gyration Tensor.YY" "Gyration Tensor.ZZ" "Gyration Tensor.XY" "Gyration Tensor.XZ" "Gyration Tensor.YZ"
1 1293 14.5423973221 35.6412627973 109.8057846316 66.0342724463 23.7068575452 -26.9172144415 -56.3402093009 
2 916 15.57256373 23.122069647 181.4596063528 37.9230651253 -17.995724503 5.3023632466 -14.5899778938 
3 879 14.3315333783 92.7500446624 80.1834626431 32.4593416687 -65.9350951581 33.4694598582 -30.4857918711 
4 624 11.7732963076 43.1306647719 48.6458405288 46.834000646 30.5297916659 22.3397424241 28.8196795414 
5 450 9.186169149 42.2876893214 26.3343609533 15.76365336 12.4922606146 3.5291837583 10.7897332974 
6 293 7.0026576591 15.7707723249 15.7700277801 17.4964141851 -3.60265761 1.132879585 -4.5831486552 
7 247 8.5143780295 43.1549472516 11.4980805219 17.8416054558 -12.5963108237 -19.93532532 6.2524590967 
8 150 5.4795621441 10.2162176584 12.1362195264 7.6731641062 -4.064899552 0.9515914005 -1.2865366675 
9 148 5.4800285307 8.0642450122 13.3462818317 8.6201858533 -1.7881247311 -1.3375916672 -2.4548943496 
