# Cluster list (49 data points):
# "Cluster Identifier" "Cluster Size" "Radius of Gyration" "Gyration Tensor.XX" "Gyration Tensor.YY" "Gyration Tensor.ZZ" "Gyration Tensor.XY" "Gyration Tensor.XZ" "Gyration Tensor.YZ"
1 262 8.1407118399 32.0855933189 23.551910246 10.6336856959 10.8737797637 -8.8146132297 -7.3376595746 
2 210 6.2548785576 14.6193936933 10.2692217149 14.2348903625 4.1574864909 -0.0781402773 1.9761264261 
3 210 6.4048043501 10.6553981728 20.1967062353 10.1694143544 -4.8156124441 0.5033701235 -5.218077684 
4 195 6.2234118073 22.5243195405 7.2485796226 8.9579553605 -0.427961209 0.610883617 -0.2567240308 
5 194 6.1220210786 15.2214936665 10.8571261573 11.4005222626 -2.7835644593 3.2112687046 -4.7559988933 
6 182 6.5436539806 7.3192116236 8.3674742798 27.1327215148 -2.4621396002 -3.7703648098 2.6615376346 
7 165 5.7813217613 14.4829074855 9.1143746478 9.8263991743 -2.7646166742 -2.1278826712 2.9594197888 
8 152 6.4446321217 8.1533862265 17.7098277073 15.6700692501 5.083140194 -4.3882658195 -11.5310757432 
9 150 5.4779639944 8.8430713853 7.864383801 13.3006343375 1.1961475726 2.8373067816 2.3205635767 
10 148 5.4769370607 10.2717108227 9.3981533997 10.3269753439 3.0985633923 -0.7012742329 -3.0222054774 
11 145 6.4821940178 6.2950982752 28.0326111016 7.6911299083 5.3380065706 -2.1307923704 -8.3154487878 
12 142 5.7573989217 11.3472032802 7.8352876724 13.9651513912 1.6816551598 -6.5367517393 0.8720309974 
13 133 5.9533127442 16.4269495533 8.2833601067 10.7316229707 -6.2782511435 6.1470865152 -3.2384747889 
14 130 5.3110133106 9.090312224 9.7091229699 9.407427191 -2.6841512989 0.0574923774 1.2221414466 
15 129 5.3627585931 6.8476965359 7.771315837 14.1401673553 -0.4252053829 2.1054406594 -1.0247808678 
16 125 5.4450078553 7.318752025 11.1365584463 11.1928000724 -2.9876080462 0.5463194222 -5.0100792117 
17 112 5.2889978216 10.8990347154 5.2583146745 11.816148567 1.2438359025 -6.4560059068 -1.3173064953 
18 108 4.9187760466 6.4528611718 11.1057918166 6.635704808 2.0090329015 -0.2859513152 1.5483403948 
19 107 5.0574114575 8.1096095239 10.2174122346 7.2503888917 3.7095086634 1.114058157 3.5961107322 
20 100 4.8942108368 11.4263878536 5.9523751919 6.5745366693 -1.491678553 -2.678437981 0.6018937449 
21 99 4.9298970924 6.4126960896 11.4782330125 6.412956239 0.9595352892 0.0282614621 -3.181744073 
22 95 4.6584768918 7.0722311347 7.6467861053 6.982389711 -1.3074466141 -1.2162656646 1.4767568637 
23 92 4.7735321414 8.0137655915 7.7045287275 7.0683147862 -2.7946901609 2.8908790781 -2.2250463472 
24 91 4.5817352467 7.5200243656 8.1490875281 5.3231859775 -0.9911395162 -1.2644684917 -0.0134533419 
25 90 4.492369473 6.140737138 6.7017959817 7.3388503619 -0.3261167741 -0.8018724761 1.8732817676 
26 87 4.7048288639 6.151153948 4.8885768479 11.0956838431 0.294784062 -3.215817863 -0.8194553807 
27 87 4.5822006329 7.299783208 8.4742611987 5.2225182339 2.6339425375 0.5848779739 -0.3736805227 
28 86 4.8786337076 11.9167618624 5.1623636072 6.7219413832 2.9141838821 -0.8472121618 -1.7883170993 
29 86 4.8923170883 4.9826960761 12.2377463123 6.7143241038 -1.0524915679 0.4203820516 -4.7695836587 
30 82 4.6526621079 5.812011666 7.8208014939 8.0144515304 2.1549237916 -2.0773286538 -3.5337309842 
31 79 4.3463496595 7.0425679878 6.5417128168 5.306474558 1.3272236058 0.5227083172 0.8433924113 
32 77 4.4944816655 4.2981859863 6.4868124041 9.4153670515 1.0074951112 -1.8148228329 -2.8880160953 
33 75 4.2669588699 5.8083545481 5.7260533925 6.6725300569 1.3381397782 -0.6824626718 -0.6196462563 
34 74 4.2597229385 6.5825710096 4.7464955972 6.8161729064 0.2387925815 1.8547419734 0.4415942139 
35 72 4.2422816447 8.285757983 4.8737679899 4.8374275798 -0.8308661035 0.7836460671 -0.2541055517 
36 71 4.4126181436 4.8868676745 5.4100043004 9.1743269062 -0.3788045977 0.2734125974 3.0978789089 
37 63 4.0614444084 4.9636612529 4.0188670709 7.5128023587 0.1663633366 -1.342998475 -0.4632317423 
38 58 3.9486765789 4.5856802674 3.8378240872 7.1685423701 -0.2397139717 0.6287162827 0.2371510687 
39 56 3.8100316796 4.4752089197 3.9964715195 6.0446609607 0.189899524 -0.3682881202 0.9473315088 
40 54 3.8213739132 4.6873874778 5.3134401961 4.6020709106 0.4440124415 -0.9097582642 -0.6168492469 
41 52 3.7613597021 5.3825318253 4.3943265734 4.3709684095 1.1560618109 -0.0953316327 0.0383306948 
42 49 3.6312196436 4.4763884849 4.3733786934 4.3359889216 -0.4761819333 0.0080105403 -0.4380582536 
43 48 3.704396064 4.3157154103 3.3567907648 6.0500440241 0.1519415305 0.1794314163 1.1199565538 
44 46 3.5827159192 3.8242673396 3.9991438255 5.0124421929 0.2593655131 0.1227002345 -0.1846950553 
45 40 3.5031719544 3.7110233641 3.7990122849 4.762178093 -0.470349695 -1.2719864221 1.0035349992 
46 36 3.4287131024 4.6482810933 4.7878101887 2.3199822567 -1.6569603452 0.0976257137 0.4847703921 
47 26 3.00936255 3.9613952583 2.7318949657 2.3629727332 0.8695966215 -0.3103207263 -0.4380457601 
48 20 2.7450738528 1.9393027942 2.795406195 2.8007214679 0.6810949938 -0.4615024979 -0.3110956514 
49 10 2.1278797189 0.9841855153 1.8186212612 1.7250653218 -0.1617323855 -0.3612609012 -0.0996777822 
