# Cluster list (9 data points):
# "Cluster Identifier" "Cluster Size" "Radius of Gyration" "Gyration Tensor.XX" "Gyration Tensor.YY" "Gyration Tensor.ZZ" "Gyration Tensor.XY" "Gyration Tensor.XZ" "Gyration Tensor.YZ"
1 1293 14.5458815165 34.8977593033 127.8000088018 48.8849009877 23.7106377168 -20.7702255639 -48.7365583939 
2 916 15.0083610991 21.8336500677 164.2295332142 39.1877196001 3.8291287568 2.7681910004 -5.903405181 
3 879 14.185525853 79.5443234728 93.2259060026 28.4589142493 -64.6082129392 26.86871339 -29.3918032156 
4 624 11.8112159359 42.3994323812 40.5725697267 56.5328197768 25.8224087935 25.7297640723 30.2656660398 
5 450 9.1858859039 44.274813126 16.8190588594 23.2866278537 14.5157254642 -6.0383386848 3.2505474995 
6 293 6.9951270215 14.5894205667 16.0566790995 18.2857023803 -1.2987259759 -0.8750996756 -5.4677013047 
7 247 8.5295330375 38.0151526549 20.1119127973 14.6258683851 -20.0087478914 -15.7513922088 9.4035572957 
8 150 5.480884081 11.2780575625 8.7798179886 9.9822147583 2.7503034151 3.2224809639 2.0353095615 
9 148 5.4786200566 11.6171590192 12.2655681913 6.132550514 -2.6697221341 -0.8494766617 -0.6298057961 
