# Cluster list (30 data points):
# "Cluster Identifier" "Cluster Size" "Radius of Gyration" "Gyration Tensor.XX" "Gyration Tensor.YY" "Gyration Tensor.ZZ" "Gyration Tensor.XY" "Gyration Tensor.XZ" "Gyration Tensor.YZ"
1 410 8.8488716008 23.0858692379 13.12130566 42.0953537091 8.2433990744 -7.7954435602 -5.4288274633 
2 351 7.5137967574 14.9861674338 27.3928003861 14.0781738916 -0.8158307071 -3.9632565817 -5.0568839877 
3 335 8.4638119508 13.2359040841 21.7657932833 36.6344153703 4.3906079379 -4.4891336873 -17.3221879616 
4 298 8.7650984292 22.0426366226 45.7577437563 9.0265700946 18.8112803513 -4.4926447653 -2.4603870887 
5 281 7.0998738597 12.8551515771 25.7751242074 11.7779330399 -0.397631609 -2.4061738507 5.5883482852 
6 224 6.2279709003 13.7837578264 11.4977620823 13.5061016257 4.2845460939 1.1070151119 -1.2468266019 
7 219 6.6992635566 18.3349640103 7.6381445362 18.9070236546 1.9381299658 7.8639640668 -2.0090215899 
8 211 7.2979382133 36.6099297571 9.1751814204 7.4747909871 7.6454195611 4.7668358999 1.7931477199 
9 210 7.0521063694 27.6901703903 7.6630852605 14.3789485952 5.8935181799 -2.9949831433 1.4558823928 
10 208 7.2589278079 9.9170807579 14.4288255097 28.3461266529 4.7515034984 10.4373739688 8.4095946173 
11 195 6.2317149118 16.5982694751 8.4895661218 13.7464351456 -0.4788962704 -7.4498612667 -0.6366444334 
12 165 5.7765935525 10.7731790566 6.5993457478 15.9965082663 -0.2109281747 2.4574778526 0.9518996135 
13 152 6.4419018178 19.2253572963 14.1723674546 8.1003742786 11.169887453 -5.5989284342 -3.9362690636 
14 150 5.4771745067 14.9694652199 7.4723339712 7.5576413858 1.8163983008 -1.2338053977 -0.255267079 
15 150 5.7125773454 9.3055795255 16.0074954499 7.3204649513 -3.671018926 -0.9026028497 -1.4844523194 
16 148 5.4794390194 10.9372840971 11.1117983237 7.9751695468 -2.0569333883 -1.0168413511 3.3920909815 
17 139 5.8721026916 5.537559546 10.1552459198 18.7887845547 -1.57132541 -2.172094451 7.2128305971 
18 118 5.1706028747 6.1942486229 7.4391598238 13.1017256415 1.2674238652 -1.2935038788 -2.975257257 
19 115 4.9574359673 11.0557630136 7.126195916 6.39421244 -1.2725455095 -1.2991457514 0.7204101751 
20 99 4.9231516157 9.9381617567 9.4608709482 4.8383891265 -3.3487186256 0.5483071705 -0.5089439873 
21 95 4.6515541524 9.2254268881 6.4009529134 6.0105762307 -1.3276279266 0.9213951823 -0.2991438206 
22 92 4.7415074166 5.9251775332 11.2129932845 5.3437217638 -1.9266068764 0.6453538127 -1.7986586231 
23 91 4.5867625274 8.0940991583 7.1644875356 5.7798037886 -0.4493742367 -1.8255931374 -0.4417544296 
24 90 4.4917878903 6.2581307785 8.3486557933 5.5693718798 1.3735730663 -0.2630143678 0.6351348337 
25 87 4.564161393 9.6718887027 5.6137526588 5.5459278597 1.3443135549 1.1111051638 -0.5039692656 
26 86 4.8856230005 5.0449148975 4.3019579926 14.522439213 -0.3944433669 2.2868052365 0.3060717004 
27 77 4.4900982146 8.7746751293 6.5422239255 4.8440829221 3.3587654547 -1.9762432942 -0.7711752586 
28 74 4.2506520157 5.5599172237 5.3783963442 7.1297289909 -0.7670256891 -1.2243834699 1.3204103626 
29 72 4.2544150667 7.029096827 6.0915359908 4.9794147418 1.7947008299 0.9054429636 0.6408379237 
30 58 3.95068685 6.4337044236 4.0508831305 5.1233390327 -0.9613184542 -1.1170812809 -0.0462405035 
