# Cluster list (32 data points):
# "Cluster Identifier" "Cluster Size" "Radius of Gyration" "Gyration Tensor.XX" "Gyration Tensor.YY" "Gyration Tensor.ZZ" "Gyration Tensor.XY" "Gyration Tensor.XZ" "Gyration Tensor.YZ"
1 351 7.5147085464 12.1885957724 23.1507887996 21.1314599652 -1.7389416685 -3.7098488823 -6.8964040405 
2 335 8.4772046871 13.6352665698 46.7804539591 11.4472787779 7.202814126 -0.2715703468 -7.1347709794 
3 298 8.7793941542 13.7511521917 37.4097696357 25.9168398874 7.6464485435 -9.7364562782 -21.1261121061 
4 268 8.712228059 8.7332709392 9.2817549664 57.887891847 1.0342849282 -10.5973211156 -6.1492700467 
5 224 6.2240147211 10.1033287859 14.7710869807 13.8639434823 3.6389069202 0.9004433782 -1.4440323948 
6 219 6.7115398956 7.5328785433 12.3904550887 25.1214341383 0.4064611172 5.3701774953 0.4841992198 
7 211 7.3305703359 24.639007829 15.1036096075 13.9946440132 12.201804721 10.7617633544 8.1251290812 
8 210 6.3408047409 13.5257382579 17.0884089762 9.5916575285 -5.7156470457 -3.7794308379 2.9134889568 
9 210 7.0468320306 27.6903506839 7.2823325885 14.6851583952 -1.6547848504 5.4822774624 3.2074722448 
10 208 7.2710290413 18.7703674351 7.2647516314 26.8327442534 2.9636565955 12.2196499235 6.7717331703 
11 195 6.2348350432 22.4047967228 7.3364632518 9.1319080415 0.6721252906 2.090210363 -0.4025426054 
12 165 5.789156389 9.1691919194 13.1212565 11.2238832771 -1.5478987431 0.6251204636 4.8040382056 
13 152 6.443959673 13.0493629522 17.5477176041 10.9275357106 -9.2217787972 5.8805660542 -8.4475338677 
14 150 5.4631857041 8.7868310214 11.7404366883 9.3191303281 -2.8259681798 1.7451823266 -3.0200713915 
15 150 5.7159899701 16.7288866572 9.2812575729 6.6623971081 -2.1132051699 -2.0866200638 1.3108917826 
16 148 5.4794687153 10.2000307505 7.9808994417 11.8436472094 -0.1959354497 1.9966583567 -3.3858693571 
17 142 5.7685397689 9.2978355312 5.6831479165 18.2950676176 0.0287138212 -2.130669796 -3.2992550573 
18 139 5.8813715387 6.232929663 16.1629047699 12.1946967436 -1.273708813 -0.6447473372 8.8088148959 
19 118 5.1729211033 6.4118468087 9.7184593428 10.6288065899 -1.7444574647 0.9239526388 -4.0885699265 
20 115 4.9601223711 6.7668145403 8.9916808914 8.8443185045 0.0758777798 0.3964136378 -2.8963145555 
21 99 4.9154706454 7.522737017 10.3412193213 6.2978953273 3.5791953296 -1.1988038197 -0.6392031882 
22 95 4.6570820553 5.8377869497 9.3920913326 6.4585349876 0.6624953198 -0.2353459664 -1.4272082759 
23 92 4.749979091 5.9789560287 9.2892632705 7.2940820653 -1.787507128 -1.1956813379 3.341064832 
24 91 4.5806689142 4.9650128582 7.2037266658 8.8137881772 0.8902878987 -0.3312802371 -0.5206699931 
25 90 4.4863825792 6.9202153846 7.0706168888 6.1367963732 -1.8802386838 0.2837084596 -0.434237523 
26 87 4.5627773098 4.4568614878 9.7000439726 6.6620313189 -0.0380891296 -0.2242767629 -1.4267599549 
27 86 4.8984206298 10.1152193976 5.721447276 8.157857993 -2.4055788171 4.9889405088 -1.6492794421 
28 77 4.4900545392 5.7826778061 4.6897390773 9.6881728819 -0.1497240118 3.3366856183 -1.0727874262 
29 74 4.2555217854 4.8122604855 7.427659076 5.8695461048 0.3417151283 -0.0841160581 -1.809738823 
30 72 4.2474491035 4.7206041408 5.9227751408 7.3974446048 0.2017174674 0.2188958625 1.911369178 
31 71 4.4031361073 7.2526754853 7.0428609422 5.092071152 -3.6320173425 -0.1173077749 0.3400730996 
32 58 3.9513733622 4.4904434031 4.235845298 6.8870627462 -0.7202456984 -0.7940765769 0.3775842606 
