# Cluster list (16 data points):
# "Cluster Identifier" "Cluster Size" "Radius of Gyration" "Gyration Tensor.XX" "Gyration Tensor.YY" "Gyration Tensor.ZZ" "Gyration Tensor.XY" "Gyration Tensor.XZ" "Gyration Tensor.YZ"
1 624 11.7931334768 45.3631662613 39.9791527108 53.7356782305 27.0565968847 26.4552198734 28.5772105395 
2 520 11.4712462207 19.0703638241 25.691354487 86.8277715458 10.9748584257 15.6851702836 34.4684381462 
3 450 9.1802946242 19.4206207363 41.1525703888 23.704618262 10.9769316018 -12.3236118362 -7.3960244072 
4 410 8.8433668191 23.2370527403 32.0983967229 22.8696872343 -18.353464906 2.6660711008 -0.2277392689 
5 396 10.063930944 54.3974282015 18.4947136757 28.3905641678 9.7810050403 -31.3992623565 -8.8556169168 
6 358 8.5101123662 16.5214826623 31.7525562598 24.147973563 6.8466676173 0.6302655256 18.3009857919 
7 351 7.5149263408 16.6868179809 15.7004806728 24.0868192538 -1.6643064296 -3.7453047847 -7.7643151543 
8 335 8.4798546908 11.2278570038 45.416653073 15.2634254999 -2.4361786216 2.3718409021 -11.5127214276 
9 302 7.7659452509 32.7029060642 12.7017145315 14.9052850446 -4.9862301215 -10.1676758787 5.8472870745 
10 298 8.7629592125 11.843176088 18.5424778471 46.4038002249 1.4081538474 2.596423743 -19.6583195198 
11 247 8.5058286713 8.294632046 35.7628271181 28.2916622214 -5.5903490528 -5.6615678281 24.584277011 
12 219 6.69828265 11.1709465077 23.1827446448 10.5132993069 -1.6834490044 3.8553678352 -6.4701036902 
13 150 5.4739696986 7.7778588236 7.7440051544 14.4424802834 -0.6867722397 -1.94560113 1.980606458 
14 148 5.4757200589 11.8411921479 11.050136199 7.0921818163 -2.866976972 0.1956560539 2.1049305069 
15 118 5.1656796324 11.478151578 7.9182970199 7.2877974665 3.7466316361 1.7942504659 1.6752547532 
16 74 4.2322375088 5.1957761116 6.4485304397 6.2675277796 0.7162424601 0.7783980847 1.5462041279 
