# Cluster list (66 data points):
# "Cluster Identifier" "Cluster Size" "Radius of Gyration" "Gyration Tensor.XX" "Gyration Tensor.YY" "Gyration Tensor.ZZ" "Gyration Tensor.XY" "Gyration Tensor.XZ" "Gyration Tensor.YZ"
1 177 6.6428397227 7.1391005232 11.8400803746 25.1481386838 0.4883868671 -5.0867358803 -6.0634349614 
2 156 6.0774825089 6.6209551152 8.0431447591 22.2716937714 -1.2671761557 -2.3095583726 -4.5188608642 
3 150 5.4771084322 7.6544759478 9.0264082998 13.317832531 1.1211505044 1.5652290477 3.2574406524 
4 148 6.1468190662 9.4767670784 10.9698849337 17.33673262 -4.0717968998 6.6318278542 -7.916166365 
5 148 5.4738774919 10.3935484083 11.1219713432 8.4478150444 3.2662550846 0.3747966325 -2.5015990389 
6 142 5.5986321855 8.4012492446 7.5302869425 15.4131461613 1.489007872 3.6739847821 3.2742019158 
7 137 5.6969983624 19.1205101193 8.3235733978 5.0117068246 1.6779119195 -0.1719269801 1.1613593827 
8 130 5.2989714598 8.9278465564 9.3758646656 9.7753873102 3.7165486344 -0.0639847905 -2.005451821 
9 130 5.3153441773 8.381055247 12.3928419384 7.4789865378 -0.0921151641 -1.4584819372 0.1510526759 
10 129 5.3621181175 10.0778555809 8.8409930802 9.8334620444 1.8225692169 -3.6530627727 -1.8605071711 
11 128 5.618720671 14.4699022781 5.4484833224 11.6516363781 0.7592443845 -6.5823786968 -1.5369602197 
12 125 5.4492441316 6.8374175976 6.3583136126 16.4985303956 -1.4716001069 -2.1372431827 -1.0977019035 
13 108 4.9195956844 6.2769562329 11.7676953656 6.1577700998 1.23072817 -0.5673511423 1.3207803223 
14 100 4.8997778245 10.1255666054 5.9645894537 7.9176666705 -1.2370196272 -3.4645372742 1.0876289604 
15 99 4.9170429667 8.9212877416 5.0386192149 10.2174045795 0.9463074194 3.1839862573 0.7665831361 
16 98 4.8724708489 6.0527569077 10.1767667793 7.5114484864 -2.4749632669 -2.2720925092 2.0233249119 
17 92 4.7786537352 11.5482501706 5.2523969745 6.0348843755 -1.6252094221 2.6184566804 -0.2044641874 
18 91 5.3170551052 3.970067903 6.5709156267 17.7300914617 0.1348068564 -1.1561165634 -5.6453376312 
19 91 4.5887536276 4.7920522869 8.9323719316 7.3322356361 -0.3218216599 -0.5723505534 0.5222672006 
20 90 4.4887322804 8.1257544645 5.3470503481 6.675912672 0.6486895356 -1.4852296757 0.0855302581 
21 87 4.700361831 7.6392218415 6.1677662333 8.2864132672 2.0034105481 -3.4177789086 -2.12752845 
22 87 4.5755779652 6.5440670625 5.4875780051 8.9042686481 0.0605800864 -2.3421154431 1.0203738319 
23 86 4.8814061107 7.8957194107 6.4575328433 9.4748733638 1.6199112307 -4.5602619981 0.1467063179 
24 86 4.8925542965 5.3729723944 14.1212021738 4.4429129756 2.8657945332 0.7634480488 0.7451519052 
25 85 4.4085380658 5.7007682364 8.0313347374 5.7031049038 0.6578788416 0.4372286579 -0.4159737001 
26 83 4.5881492964 6.7333297123 7.0705609544 7.2472232996 1.7508909111 0.0233776169 2.2824801733 
27 82 4.7027558572 6.1339887426 5.8914001045 10.0905238057 2.3343913484 -3.1237542442 -2.6440528474 
28 82 4.6447934159 9.2597851923 5.8825085976 6.4318120864 2.5949625284 3.1454121901 1.6332668025 
29 81 4.4873602689 4.8141316441 8.5576422733 6.7646282653 -0.5328653888 0.1772842316 -3.1801962903 
30 79 4.3392999556 5.6161387661 7.4373325428 5.7760527962 0.948663777 -0.7677719718 -0.8493048628 
31 78 4.3661446823 9.1895156294 4.6122438762 5.2614598815 -0.5862012211 1.7833804498 -0.6877066159 
32 77 4.4967100554 3.7179258522 7.7817295008 8.720745969 -0.0105874896 0.1456884676 -3.5318584663 
33 76 4.3094703365 6.5185925099 5.397476604 6.6554654669 -1.2197433186 -1.9900642348 0.4970147554 
34 75 4.2644590598 7.5242655661 5.6457748465 5.0155706604 -0.2391743346 0.7602947987 -0.7551930718 
35 72 4.243397304 6.7787833727 4.717615156 6.5100221511 -0.2102185662 1.9787065061 -0.15468293 
36 71 4.4069925906 4.3660288157 10.4378091797 4.6177456979 1.3696173837 -0.9121858486 -0.7090786312 
37 69 4.3394274535 3.6116719355 6.3085599557 8.9103987328 -0.1445161508 -1.2988589545 -3.0255423097 
38 63 4.0555147954 4.0744037864 5.9364884944 6.4363079751 -0.3959745721 0.3970182942 -1.7613720345 
39 62 3.9846589992 5.5612029628 4.1898451206 6.1264592564 0.4799091153 -1.5658305344 -0.0559110049 
40 58 3.9444829007 3.8523772318 7.1438478255 4.5627202967 -0.6884974937 0.0390745329 -0.1911914742 
41 56 3.8053388803 5.1602869915 5.0907309231 4.2295860791 -0.7105884012 0.4430409003 -1.0779656323 
42 54 3.8145163251 5.2599595695 4.6644888543 4.6260863709 0.9353247137 0.2460029709 0.7991498785 
43 53 3.7529126922 3.8287302234 5.9749750333 4.2806484184 0.0172807376 -0.0234044163 0.8362166761 
44 53 3.8104620494 4.6780032634 4.863272619 4.9783451472 -1.5246006232 0.0409583366 0.6408454462 
45 52 3.765808693 5.7954537559 4.293315171 4.0925461855 0.8658815415 -0.0882295137 0.3894106553 
46 51 3.7157957686 4.4251900759 3.9350999334 5.4468481844 0.2317548154 0.8346238809 0.2498517222 
47 50 3.8682732005 3.3476919444 3.482701839 8.1331437707 -0.4695447597 -1.1516589834 -0.1163696728 
48 50 3.7505901096 5.9839633771 3.8397816589 4.2431811343 -1.2152338074 -1.5725164359 0.7164481742 
49 49 3.6244006132 4.2033079731 5.0143770636 3.9185947682 -0.0605793775 0.2637763905 0.1439279993 
50 48 3.7061205039 3.0320816594 4.5854489912 6.1177985387 0.1020195263 -0.3915529578 -0.7352276599 
51 46 3.5810983686 4.2006500326 4.5099489619 4.1136665314 0.3815727551 -0.0781237318 0.6379307211 
52 46 3.5766506503 4.0657553649 3.8311305424 4.8955439672 -0.5283765012 -0.1084768402 0.2190662805 
53 44 3.5472055367 5.6245169785 3.3234542649 3.6346958766 0.4379341881 -0.2577094679 -0.2777279046 
54 40 3.4945457969 5.9161367327 2.8432434581 3.4524701356 -3.8227178926e-04 0.6097150399 -0.0681165255 
55 36 3.4181818593 3.1353667394 2.8814143812 5.6671861028 -0.3380324522 -0.2559775496 -1.400741305 
56 35 3.2803169828 2.7933709694 4.5710885378 3.3960200003 -0.2120367674 0.4923644919 -0.3539300655 
57 31 3.3654488283 2.9383870705 5.8751050923 2.5127536531 1.2289106619 -1.0280954548 -0.8500254332 
58 31 3.1384742085 2.9876495985 2.6681954573 4.1941753014 0.1195154156 -0.3331374427 0.2197845112 
59 30 3.202529341 4.7444957806 3.2174530666 2.2942453331 -0.4085977092 0.3343524913 -0.6746776648 
60 29 3.1088887557 3.2954533788 3.1518281348 3.2179077817 -0.1631198444 0.759899034 -1.1174208245 
61 26 3.0317329417 2.1697294309 4.3393095519 2.6823656473 0.5564656743 0.1958870952 0.6661121826 
62 26 3.0181122726 3.1582246612 4.1294100939 1.8213669346 0.9787796576 -0.0190328383 -0.2462568178 
63 21 2.7453255242 2.2411608568 3.1921321827 2.1035191943 0.5125226197 0.4108582151 -0.08259237 
64 20 2.7352094959 1.9119354111 2.8625379478 2.7068976277 0.7200866039 0.1862565072 0.3778552289 
65 10 2.143380551 1.4873218666 1.7767021578 1.3300561623 -0.2583263411 0.4484696624 0.3214250288 
66 5 1.6494290463 0.9943462309 1.1110870028 0.6151829451 -0.4387335895 -0.0165126021 0.0756406786 
