# Cluster list (11 data points):
# "Cluster Identifier" "Cluster Size" "Radius of Gyration" "Gyration Tensor.XX" "Gyration Tensor.YY" "Gyration Tensor.ZZ" "Gyration Tensor.XY" "Gyration Tensor.XZ" "Gyration Tensor.YZ"
1 916 15.4871696204 26.0624602627 179.3856600777 34.4043025103 -15.2829874462 7.8793776543 -7.0818341668 
2 761 13.6653096139 95.662771076 59.4866400566 31.5912757117 -57.065071542 31.5279795774 -22.8793581997 
3 693 12.0984297176 30.7938388547 84.6168540057 30.9613087725 36.4743383448 -16.0106079362 -25.6972293047 
4 624 11.7958974299 48.7920694658 41.3457961517 49.0053305588 30.3610485246 28.0522832304 23.9874833933 
5 600 13.1182314866 105.5252871625 10.5542950398 56.0084151349 5.3856083226 -59.1552960706 -3.6884070666 
6 450 9.1854962122 37.6560691854 26.9255720901 19.791699389 14.60998775 -12.9623798482 1.2452310701 
7 293 6.9958142743 14.6722762663 12.1711856902 22.0979554035 -1.8602037686 0.6129208814 -2.3410404117 
8 247 8.5075478419 49.0792119557 11.2679203875 12.0312379391 -14.2477260053 -13.5406720818 4.3500672565 
9 150 5.4739048671 13.8264286301 8.748118419 7.3890874446 -3.2832291784 -0.9730740618 0.3070992532 
10 148 5.4790909476 9.6708494897 13.1978557429 7.1517323793 -0.7705907093 -0.2692172415 -3.0746598676 
11 118 5.1665019243 6.9530522173 12.7025060032 7.0371839134 2.5259703182 0.3115291305 2.7853542743 
