# Cluster list (23 data points):
# "Cluster Identifier" "Cluster Size" "Radius of Gyration" "Gyration Tensor.XX" "Gyration Tensor.YY" "Gyration Tensor.ZZ" "Gyration Tensor.XY" "Gyration Tensor.XZ" "Gyration Tensor.YZ"
1 534 11.144758212 61.1443540742 25.3302480937 37.7310334358 19.7262646529 33.6267417925 19.9908068031 
2 410 8.8367528187 37.1795741292 10.7901587099 30.1184675391 6.9130260878 -11.5250739144 0.4329630219 
3 351 7.5098774867 16.576795465 16.9071376728 22.9143267276 -1.5330394987 -8.4988835702 -2.9516219994 
4 335 8.4732405879 14.5713125475 24.5075990907 32.7168944217 8.0188012613 -9.9691052355 -15.5267899111 
5 302 7.7657853566 14.4522478438 19.222304236 26.6328701252 -2.176421127 -5.4799091794 14.5396694978 
6 298 8.8090163534 55.3283295747 10.330200129 11.9402394109 -3.3778703756 9.73495445 2.2538320301 
7 278 7.1382395669 12.1687834108 17.9003123327 20.8853683703 2.4120926332 -3.0984286187 8.173673573 
8 247 8.5160184955 27.3625644523 18.4894902667 26.6705162961 15.5550896812 20.0747344032 14.4225417036 
9 224 6.2296381907 11.8185340963 12.848072286 14.141785605 -1.5900327841 -3.2867029118 -2.8443928426 
10 219 6.705533447 16.3041956137 16.6352342926 12.0247489028 7.7663733656 1.6888222061 6.4571893321 
11 211 7.3036096667 15.0042254397 31.1517150743 7.1867736496 14.1103750672 -0.4866882873 -1.9417999509 
12 208 7.2503038689 15.8462134151 12.3884639505 24.3322288262 8.2583618478 11.7733849255 6.7523473371 
13 185 6.0017391651 14.7853797984 9.8166251063 11.4188681016 5.2779645477 1.2220003019 -0.1323686798 
14 165 5.7819009279 9.4279997822 9.456021814 14.5463567437 -1.0837067867 -4.3803745469 -0.4943213186 
15 150 5.4792417966 8.0018140013 8.1419172743 13.8783593901 0.8530246721 -2.59876352 -2.2520304611 
16 150 5.7099379916 8.8447350324 9.1642461875 14.5944106476 1.7414469076 -4.6767008537 -1.4898580635 
17 148 5.4757175456 9.8265001812 9.1633682151 10.993614243 -0.3979298649 1.0879562152 -4.167905128 
18 139 5.8672195885 9.5193837613 9.4871825673 15.4176993711 3.6943945131 5.7203497426 6.7546633411 
19 118 5.1707445175 6.6634163102 13.369045634 6.7041369212 -0.5894702452 0.0490761973 3.1548522845 
20 90 4.495079325 6.614476976 7.9954905946 5.5957705679 1.399099628 0.9332231798 0.6098725219 
21 87 4.5598250931 6.0816668148 6.7509341962 7.9594038688 -0.034064396 0.1371433995 2.8132664415 
22 77 4.4930839564 5.0787453883 4.7994668872 10.3095911634 -0.77169154 2.8647806691 -0.8839150324 
23 74 4.2559285538 5.7552905663 7.6546051994 4.7030320893 1.5880716218 0.1335562546 -0.0650912047 
