# Cluster list (36 data points):
# "Cluster Identifier" "Cluster Size" "Radius of Gyration" "Gyration Tensor.XX" "Gyration Tensor.YY" "Gyration Tensor.ZZ" "Gyration Tensor.XY" "Gyration Tensor.XZ" "Gyration Tensor.YZ"
1 351 7.5170491906 13.0372810686 25.9433111029 17.5254363618 -0.7501752953 -4.336007548 -5.8429271243 
2 335 8.4566736808 11.6963082295 41.3900429735 18.4289785413 1.6547779585 0.8410939429 -15.4296500134 
3 298 8.7813588984 13.5413958714 43.5128707121 20.0579975188 5.6403188815 -5.8719819924 -20.6107644655 
4 268 8.6906818482 9.9501017303 7.9826993984 57.5951498581 -1.8615622029 -11.2343513177 3.5855741952 
5 224 6.2262039512 14.1755684847 13.9259817482 10.6640654093 1.1435974154 -0.0319066971 -4.194938283 
6 219 6.7020429648 6.7036136159 12.2001884833 26.0135778029 -0.7256390928 3.2170256232 0.3921629239 
7 210 6.3286955086 10.5905435842 20.5459751047 8.915868151 -4.8754183987 -0.7073587645 -1.8443837302 
8 195 6.2281945918 20.174830428 7.4913517313 11.1242257137 0.5343463577 5.3009740783 -0.5361271613 
9 182 6.5504511111 10.0401391242 8.6988363486 24.1694342865 1.1530525142 -3.7270844975 -7.995686361 
10 165 5.7830261387 13.3309306234 9.7695173604 10.3429433376 -2.7766602494 -2.3050425303 3.5414512039 
11 152 6.4385413485 8.1200442242 23.4779086849 9.8568617873 -6.1117793569 3.6182985819 -8.9402201553 
12 150 5.4757898424 14.1114250462 8.3683163225 7.5045330291 -2.9963002089 1.0210491473 -0.3557884444 
13 150 5.7113643383 17.4308700392 6.6786556109 8.5101569545 -0.8938157779 -1.3303576824 1.3301739824 
14 148 5.4725227897 9.6293261087 7.4106207257 12.908558849 2.0968423055 -1.1888695133 -2.3948389276 
15 142 5.7586282078 6.0595711168 10.9828222797 16.1194054389 -1.2146158456 -1.6578772042 -5.1721127622 
16 139 5.8742046149 5.2250698648 19.0746891555 10.2065208371 -0.882624525 -0.308218914 7.2669668511 
17 129 5.3621778397 11.9948689306 7.2904112223 9.4676710315 1.1310698052 3.373657491 1.6183492404 
18 118 5.1715642055 6.0266701548 12.6749435701 8.0434626066 -0.2689387397 -0.6313504458 -3.6337665214 
19 115 4.9595656369 6.6117935933 8.7025933289 9.2829043849 0.2422089179 -0.9842816947 -2.6832145226 
20 107 5.0623003312 12.089170593 7.8621618296 5.6755522204 3.5662431352 2.6660399613 0.131072205 
21 99 4.9197124356 10.5596440504 8.4055806685 5.2383457302 3.2584645814 1.1278328043 -0.0250978379 
22 95 4.652935292 7.8360184108 7.1087158522 6.7050725684 1.6658308485 -1.2187376509 -1.0967149257 
23 92 4.7792073842 6.4083375414 10.3905115137 6.0419741664 -2.4719296336 -1.5689779237 2.6472136226 
24 91 4.5910038748 4.7113753711 9.0805096056 7.2854316014 0.1284277814 -0.4498811062 -0.1050931755 
25 90 4.4828945116 5.7950544176 6.381473207 7.9198155772 0.1855058562 0.4931380658 -1.6196087997 
26 87 4.5619507891 5.8206911699 8.6527836926 6.3379201395 1.254242198 0.1835984256 -2.2400825067 
27 86 4.8979866195 6.0429618262 4.680123042 13.2671880562 1.1252453487 3.7125383246 1.4876960333 
28 82 4.6553939802 5.3725964729 11.9167399808 4.3833566574 2.5811025061 0.0814611482 0.2766125131 
29 77 4.4811196673 8.8675523283 6.1430709913 5.069810153 2.4720692635 2.6923578495 1.3313057242 
30 74 4.2474655957 4.8356434281 6.2888504603 6.9164700981 0.4693999579 -0.3311277048 -1.7668754883 
31 72 4.242686994 6.9680132142 4.6869098071 6.3454699081 -0.2915433368 2.0224235999 -0.1615175658 
32 71 4.4074809754 3.6880346126 9.8882093779 5.8496445583 0.6431118933 -0.637235893 -2.1160810769 
33 58 3.9420333768 6.1110216705 5.3083562152 4.1202492577 1.1371616197 0.9655480059 0.5456459828 
34 54 3.8168036647 4.5477994397 5.5197977958 4.5003929794 0.9294688576 -0.6072378202 -0.0880223288 
35 49 3.6365378161 4.059840101 4.6700789133 4.4944882739 0.3090862252 0.5018087437 0.1588117405 
36 26 3.0257907552 2.1274395777 4.6575299701 2.3704401467 0.2343665103 -0.1039723583 0.0869002304 
