# Cluster list (13 data points):
# "Cluster Identifier" "Cluster Size" "Radius of Gyration" "Gyration Tensor.XX" "Gyration Tensor.YY" "Gyration Tensor.ZZ" "Gyration Tensor.XY" "Gyration Tensor.XZ" "Gyration Tensor.YZ"
1 761 13.7058143032 111.1644398365 46.6093847122 30.0755211661 -52.013579698 32.2575703529 -18.1632506001 
2 624 11.7690317849 26.2702717694 57.951825826 54.2880115581 21.4345906655 14.2733294475 36.068876551 
3 600 13.1078579637 67.1119437737 34.8272694401 69.8767271819 33.5617980771 -52.9580731954 -38.3359320645 
4 520 11.4791443638 22.1535437705 52.0732260477 57.543985507 23.3738796933 18.5013852603 41.2047675049 
5 450 9.1799212371 27.239704659 32.9683536043 24.0628956553 12.3282500269 -16.1111293743 -5.4941114451 
6 396 10.0756950726 43.1455199019 31.7651421815 26.6089691124 25.7591634974 -24.553416634 -13.1234343903 
7 358 8.4969656797 15.2297119201 32.4938249987 24.4748888436 7.2782556685 -0.0140716706 17.5478622425 
8 335 8.4666908648 12.9277945211 44.8444604289 13.9125992496 4.0673763652 -0.7080732966 -11.757218423 
9 293 6.9941819408 16.0488253787 11.0977378698 21.7720177724 -0.1480727736 -2.3615400238 -1.3700945582 
10 247 8.4997069296 18.9392315719 37.7539599418 15.5518263759 -19.3458471633 -9.4236760869 16.1689155373 
11 150 5.4724912676 7.2350306618 11.5919523143 11.1211776982 0.731067898 0.801124613 4.0508223 
12 148 5.4784418264 10.0254396679 9.9050203092 10.0828648677 1.0478110858 4.2567265343 0.7244798484 
13 118 5.1786236657 12.2156634149 8.3107208013 6.2917588545 -2.9345304048 -2.518429817 1.265605271 
