# Cluster list (30 data points):
# "Cluster Identifier" "Cluster Size" "Radius of Gyration" "Gyration Tensor.XX" "Gyration Tensor.YY" "Gyration Tensor.ZZ" "Gyration Tensor.XY" "Gyration Tensor.XZ" "Gyration Tensor.YZ"
1 410 8.8514394828 19.0027806211 19.2245719266 40.1206283693 10.4055808152 -9.1340004421 -6.0276781712 
2 351 7.5144090617 14.4445400138 25.7939448956 16.227858637 -1.1393014131 -4.121592755 -6.524798353 
3 335 8.4624151147 13.2363481554 37.658075018 20.7180463999 4.0260886754 -2.3347379976 -17.5867747645 
4 298 8.7644172689 12.7555944902 47.6370232866 16.4223922859 10.3984702523 -7.267105398 -14.3366513214 
5 281 7.0873506747 13.8816595119 20.9230050479 15.425875027 -4.69397117 0.3737214834 -7.581755178 
6 224 6.225929754 10.238472321 14.5945370297 13.9291919515 4.0105432273 0.8695045649 0.0469373123 
7 219 6.7078984585 14.2593585008 12.4835164766 18.2530267518 -0.3571231554 9.749383081 -2.6740042777 
8 211 7.3192376878 38.6205739304 6.7186673255 8.231999075 3.0210368554 5.1456606664 0.8256248444 
9 210 7.0419243649 28.3655356522 7.6456245271 13.5775385821 4.8258318021 0.3036016982 3.0938015409 
10 208 7.2384097863 13.0991020418 9.8334276682 29.4620465245 0.8747943453 10.4824294982 8.1081833411 
11 195 6.2320956868 18.5287838345 7.3270848174 12.983147998 1.4073865082 -6.2730845089 -0.6707912279 
12 165 5.7808474422 9.8817170296 9.6676454588 13.8688346614 -0.0720969026 2.8365655559 3.9741882919 
13 152 6.4611328489 7.2741199841 26.6235116272 7.8486060793 -5.003467338 1.502405973 -7.6613747342 
14 150 5.4759166981 14.8509596761 7.983150155 7.1515538538 -2.2880575902 -0.5534865452 0.2668950134 
15 150 5.7166051861 12.4440622423 13.0741678042 7.1613448074 -3.8402203522 -2.4475991429 2.4831411957 
16 148 5.479800941 11.7414857619 12.4478718047 5.8388607868 -2.3991152293 -0.2736777902 0.6238066382 
17 139 5.869309231 14.8842421636 10.756282404 8.808266282 6.4306162272 6.028323074 3.9581983573 
18 118 5.1796491533 7.2595746917 9.8725454679 9.6966451916 -2.087169322 1.3638237179 -4.1971788254 
19 115 4.9641504013 7.9666803646 8.3247229988 8.351385843 -1.364950706 2.0848655169 -2.0465013746 
20 99 4.9289050642 6.2787804881 9.311765231 8.7035594131 -1.6071016329 2.4221587162 -3.0252857232 
21 95 4.6473809631 7.8641502609 7.0067292596 6.7272702953 1.4351794442 -1.470245651 -0.9972502642 
22 92 4.7368071496 6.9438954606 5.0088435013 10.4846030108 -0.3558590756 -3.0146520405 1.0468237377 
23 91 4.5865619249 4.9536418688 8.2337931918 7.8491152308 -1.0395683805 -0.2364658382 0.7355737949 
24 90 4.4939263689 5.1024441431 7.8442098885 7.2487201775 0.0205511086 0.3912856865 1.5801220398 
25 87 4.5666694829 5.740556636 8.6067570518 6.507156478 -2.328505346 0.5781191538 -0.9225955997 
26 86 4.8932787051 6.7237135234 4.4252010222 12.7952619398 0.2173463287 -4.1395909731 -1.4891057514 
27 77 4.4948493377 6.4802925241 3.8223153673 9.901062677 -0.4994329426 2.9661298286 -1.0338662743 
28 74 4.2510350014 5.3213078394 6.1740073597 6.5759833842 -0.88694795 1.1586428331 -1.5574608076 
29 72 4.2439636635 4.8243992725 7.6647264648 5.5221018396 0.6429221123 0.3182556081 1.6541252374 
30 58 3.9573223899 7.1771718354 4.0403434269 4.4428852355 0.3528300995 -0.212373048 -0.5878981858 
