# Cluster list (15 data points):
# "Cluster Identifier" "Cluster Size" "Radius of Gyration" "Gyration Tensor.XX" "Gyration Tensor.YY" "Gyration Tensor.ZZ" "Gyration Tensor.XY" "Gyration Tensor.XZ" "Gyration Tensor.YZ"
1 624 11.7828750627 27.6496906526 41.7915261289 69.3949279628 17.6160915546 17.8321471276 34.6745760623 
2 520 11.4725879097 23.6717456947 29.9801207586 77.9684068936 17.8084904958 24.5691158254 33.7526752205 
3 450 9.176209395 21.7224097776 43.8837758496 18.596633233 9.2901225776 -11.5039600223 -7.1853897569 
4 410 8.8426020411 16.8226530051 37.5133124559 23.8556453966 -14.0857710988 6.4666476564 -3.8163354265 
5 396 10.0814778527 55.8074894324 21.2930239866 24.535682276 14.6883053299 -28.417865616 -11.6697760439 
6 358 8.5023714488 16.7869024953 22.9624812247 32.5409365329 3.9117173731 0.6110846944 18.893141944 
7 351 7.5095654982 14.6741816358 18.0730839664 23.6463083702 -1.1392958319 -6.6310202145 -5.4663422785 
8 335 8.4719394728 12.8928460192 47.3021826299 11.578729781 -8.3632485146 2.0508551865 -2.1228205332 
9 302 7.755058003 32.5295659612 12.1331461637 15.4782125057 -6.6685042592 -8.7235564193 6.1633057287 
10 298 8.7914798247 11.8919852166 31.0414901231 34.3566421688 4.9837380098 -1.4523024356 -23.9607654343 
11 293 7.0044665727 16.2006740312 13.822594049 19.0392838876 -0.8047032345 2.4610258435 -4.8042962406 
12 247 8.5276479299 6.8280136775 27.4584347574 38.434330782 -2.5379548968 -3.422156619 24.7267905965 
13 150 5.4791076763 8.4071541834 7.4174715214 14.1959952238 -0.2797851759 -3.1278362407 0.4606497689 
14 148 5.4777512435 10.6252978301 10.5332795998 8.8471812557 -1.3219728664 3.7956557851 -1.4753582503 
15 118 5.1779270688 6.4881078628 13.9007397805 6.4220810868 2.5935491019 -0.4552048306 0.460613695 
