# Cluster list (8 data points):
# "Cluster Identifier" "Cluster Size" "Radius of Gyration" "Gyration Tensor.XX" "Gyration Tensor.YY" "Gyration Tensor.ZZ" "Gyration Tensor.XY" "Gyration Tensor.XZ" "Gyration Tensor.YZ"
1 1293 14.5580846637 24.4217125802 143.9674678382 43.5486486579 21.7625458188 -12.4689237635 -34.0865269889 
2 1064 17.2089460733 21.5856053753 190.237546575 84.3246730021 1.2104506897 -2.1517161584 -65.1141978009 
3 879 14.1885384352 70.1807721992 102.4191743699 28.7146763582 -64.5552452301 24.9103399002 -28.0235577107 
4 624 11.7943977019 39.45637388 33.5905378071 66.0609054636 20.0405707878 26.5691809837 29.9695928574 
5 450 9.1742014217 23.0009355223 50.5405387567 10.6244974476 3.3066942811 -5.1028946384 2.210925819 
6 293 6.9990864898 18.2416211717 15.9771836851 14.7684068349 -5.4059894623 0.0954746265 -2.1638439179 
7 247 8.5302435175 9.5316560411 43.8139696073 19.4194288194 -9.6894135917 -4.9656537623 21.3816418081 
8 150 5.4747066482 13.1545544348 7.1512193269 9.666639122 -0.6091330339 3.6890202374 -0.3200089123 
