# Cluster list (8 data points):
# "Cluster Identifier" "Cluster Size" "Radius of Gyration" "Gyration Tensor.XX" "Gyration Tensor.YY" "Gyration Tensor.ZZ" "Gyration Tensor.XY" "Gyration Tensor.XZ" "Gyration Tensor.YZ"
1 1293 14.5423935207 20.2743413431 147.7210734501 43.4857945182 14.3504076198 -6.5720963074 -31.5561073945 
2 1064 17.1829970426 23.4154001337 186.2076857427 85.6323014899 -14.0098926567 10.68338237 -66.2960061622 
3 879 14.1767450224 69.1413006261 105.0890961002 26.7497027049 -65.6020608038 21.7175273578 -24.6023468396 
4 624 11.797519959 37.3961237916 53.9993113211 47.7860420698 27.902545877 19.0039931892 33.0539825637 
5 450 9.1733793416 24.2957868889 47.8589023942 11.996199262 -3.5051990114 -5.0059396253 9.4706948006 
6 293 7.0020462214 14.3470621564 20.5328137792 14.1487753513 -3.0381709117 -1.0501862222 -3.5822798595 
7 247 8.5225321397 9.3403823664 44.0964581665 19.1967135396 -10.3374346269 -5.6171864487 20.5602456563 
8 150 5.4816608462 8.6907780041 10.1232729434 11.2345546857 1.8932043686 2.5293807585 3.4153472548 
