# Cluster list (26 data points):
# "Cluster Identifier" "Cluster Size" "Radius of Gyration" "Gyration Tensor.XX" "Gyration Tensor.YY" "Gyration Tensor.ZZ" "Gyration Tensor.XY" "Gyration Tensor.XZ" "Gyration Tensor.YZ"
1 476 10.6948954418 42.2531364239 35.6977806848 36.4298714021 26.0559920145 28.7228819898 24.9420980631 
2 410 8.8501061849 29.4761073783 12.4528654344 36.3954066717 7.8123817086 -9.333065089 -8.5271698662 
3 351 7.503326481 14.4095502518 22.0807115201 19.8096465089 -3.0682004581 -2.8170804998 -7.9277914205 
4 335 8.4808366796 25.6953610394 23.9075595269 22.3216702202 14.52366202 -11.3403828246 -12.225702494 
5 298 8.7772432739 42.1755454283 24.0788964183 10.7855576423 17.9615101307 11.3666037779 6.3131024353 
6 278 7.1361958637 10.2809778065 21.0391221727 19.6051914259 5.7654548298 2.0331178382 5.4642736602 
7 224 6.2223739147 16.446211376 8.7391293657 13.5325963923 1.9322290447 -0.3320426703 -1.8817387145 
8 219 6.6983009157 13.8327909612 13.8672204809 17.1672237149 6.8931913548 6.9039236058 3.2561086006 
9 211 7.3045193296 27.7246290146 13.7286324879 11.9027411338 12.2978953649 10.0494429152 5.2866803737 
10 210 6.9201000416 22.0866139697 9.6975475983 16.1036230176 4.6153930265 -8.2722018292 1.3665955319 
11 208 7.2707777192 23.6038228993 11.4841156816 17.7762700607 8.5125938928 13.3605766978 3.4423537942 
12 185 6.0182831991 16.9157057574 12.4983858472 6.8056410596 2.4369856448 1.9542324038 -0.2237647939 
13 165 5.7783804101 9.913657085 9.5800728978 13.8959501806 0.0712697858 -2.487196142 4.1667687807 
14 152 6.4342650458 21.1698048065 5.3174042756 14.912557598 1.4591828281 11.5204475068 1.5065794365 
15 150 5.4713383195 10.5818769983 9.3714554927 9.9822105155 -2.5312420855 -3.1154402319 2.5121858246 
16 150 5.7095397519 15.0449558452 7.1868215252 10.3670668079 -2.8199771232 3.1717208546 -2.0200092177 
17 148 5.4776633625 7.6617125512 10.8474225406 11.4956608212 1.256347057 -1.4065135572 3.3933658116 
18 139 5.8665022457 5.1650785576 12.8907080267 16.3600620139 0.034238296 -0.445776293 8.3406855225 
19 118 5.1712976811 5.8204565616 14.6333089773 6.2885541679 0.1835281472 -0.615278996 -0.6054888637 
20 95 4.652175475 8.8801197548 6.8461008077 5.9165160876 -1.5844213884 -0.6721159571 0.3728037117 
21 92 4.7390770209 10.0527254729 7.2633496884 5.1427758487 3.2733077602 0.8200047534 0.8147013991 
22 90 4.4933156931 7.070814806 8.0368846706 5.0821864414 1.4218128199 0.3476258411 0.2808146195 
23 87 4.5658960126 8.8065070162 6.5385793643 5.5023200176 1.2074908709 -1.7343717451 -1.2522162762 
24 77 4.4845819644 11.4439475106 4.3153478545 4.3521800307 1.3812885999 0.2125905186 -0.4687892901 
25 74 4.2508540786 4.7376790663 4.7545966775 8.5774846539 -0.0877862257 -0.2970357954 -0.1096324593 
26 58 3.9527295222 6.4541182494 5.1750771683 3.9948752578 -1.2524692129 -0.0149405022 0.5888214728 
